0.0 181 234
0.25 207 234
0.5 183 234
0.75 170 234
1.0 175 234
1.25 175 234
1.5 182 234
1.75 168 234
2.0 188 234
2.25 187 234
2.5 166 234
2.75 168 234
3.0 182 234
3.25 171 234
3.5 175 234
3.75 184 234
4.0 168 234
4.25 189 234
4.5 171 234
4.75 194 234
5.0 175 234
5.25 171 234
5.5 198 234
5.75 175 234
6.0 208 234
6.25 192 234
6.5 193 234
6.75 224 234
7.0 267 234
7.25 352 234
7.5 288 234
7.75 297 234
8.0 359 234
8.25 346 234
8.5 560 234
8.75 274 234
9.0 278 234
9.25 341 234
9.5 310 234
9.75 269 234
10.0 344 234
10.25 312 234
10.5 288 234
10.75 309 234
11.0 266 234
11.25 300 234
11.5 293 234
11.75 312 234
12.0 330 234
12.25 474 234
12.5 294 234
12.75 379 234
13.0 301 234
13.25 335 234
13.5 287 234
13.75 383 234
14.0 313 234
14.25 355 234
14.5 320 234
14.75 338 234
15.0 343 234
15.25 337 234
15.5 381 234
15.75 319 234
16.0 328 234
16.25 382 234
16.5 339 234
16.75 444 234
17.0 295 234
17.25 339 234
17.5 275 234
17.75 295 234
18.0 316 234
18.25 265 234
18.5 227 234
18.75 257 234
19.0 255 234
19.25 303 234
19.5 228 234
19.75 230 234
20.0 215 234
20.25 214 234
20.5 219 234
20.75 230 234
21.0 221 234
21.25 243 234
21.5 218 234
21.75 224 234
22.0 228 234
22.25 209 234
22.5 208 234
22.75 213 234
23.0 196 234
23.25 198 234
23.5 195 234
23.75 184 234
