12.616666666666667 341 237
12.7 314 237
12.75 309 237
12.783333333333333 307 237
12.866666666666667 335 237
12.916666666666666 366 237
12.95 374 237
13.0 417 237
13.05 373 237
13.1 383 237
13.166666666666666 346 237
13.2 465 237
13.233333333333333 488 237
13.266666666666667 428 237
13.3 449 237
13.333333333333334 444 237
13.35 499 237
13.366666666666667 488 237
13.433333333333334 446 237
13.5 399 237
13.566666666666666 600 237
13.616666666666667 459 237
13.666666666666666 412 237
13.683333333333334 402 237
13.75 438 237
13.85 395 237
13.866666666666667 408 237
13.95 388 237
13.983333333333333 450 237
14.0 378 237
14.05 355 237
14.1 370 237
14.133333333333333 365 237
14.2 362 237
14.25 357 237
14.3 346 237
14.383333333333333 397 237
14.433333333333334 367 237
14.483333333333333 356 237
14.5 378 237
14.55 428 237
14.566666666666666 486 237
14.616666666666667 378 237
14.666666666666666 455 237
14.733333333333333 529 237
14.833333333333334 498 237
14.85 449 237
14.883333333333333 423 237
14.966666666666667 412 237
15.05 465 237
15.1 563 237
15.116666666666667 612 237
15.166666666666666 670 237
15.233333333333333 547 237
15.283333333333333 624 237
15.3 614 237
15.366666666666667 763 237
15.416666666666666 705 237
15.45 586 237
15.483333333333333 574 237
15.516666666666667 617 237
15.55 576 237
15.583333333333334 435 237
15.6 429 237
15.683333333333334 415 237
15.683333333333334 408 237
15.75 556 237
15.766666666666667 595 237
15.8 619 237
15.866666666666667 554 237
15.883333333333333 606 237
15.966666666666667 528 237
16.05 545 237
16.1 621 237
16.166666666666668 762 237
16.233333333333334 533 237
16.3 589 237
16.316666666666666 551 237
16.4 478 237
16.483333333333334 493 237
16.516666666666666 492 237
