0.0 193 234
0.25 211 234
0.5 181 234
0.75 212 234
1.0 193 234
1.25 175 234
1.5 178 234
1.75 216 234
2.0 183 234
2.25 176 234
2.5 191 234
2.75 167 234
3.0 185 234
3.25 173 234
3.5 182 234
3.75 181 234
4.0 175 234
4.25 171 234
4.5 182 234
4.75 193 234
5.0 187 234
5.25 193 234
5.5 202 234
5.75 170 234
6.0 172 234
6.25 197 234
6.5 181 234
6.75 184 234
7.0 202 234
7.25 184 234
7.5 189 234
7.75 202 234
8.0 213 234
8.25 194 234
8.5 195 234
8.75 197 234
9.0 196 234
9.25 195 234
9.5 219 234
9.75 316 234
10.0 266 234
10.25 279 234
10.5 278 234
10.75 282 234
11.0 230 234
11.25 247 234
11.5 214 234
11.75 210 234
12.0 251 234
12.25 249 234
12.5 243 234
12.75 216 234
13.0 226 234
13.25 238 234
13.5 221 234
13.75 269 234
14.0 237 234
14.25 239 234
14.5 221 234
14.75 232 234
15.0 242 234
15.25 261 234
15.5 236 234
15.75 310 234
16.0 209 234
16.25 235 234
16.5 215 234
16.75 219 234
17.0 212 234
17.25 214 234
17.5 220 234
17.75 218 234
18.0 277 234
18.25 253 234
18.5 248 234
18.75 214 234
19.0 264 234
19.25 244 234
19.5 211 234
19.75 230 234
20.0 209 234
20.25 220 234
20.5 202 234
20.75 212 234
20.916666666666668 273 234
21.0 216 234
21.083333333333332 193 234
21.166666666666668 210 234
21.25 204 234
21.333333333333332 212 234
21.416666666666668 223 234
21.5 205 234
21.583333333333332 213 234
21.666666666666668 186 234
21.75 196 234
21.833333333333332 188 234
21.916666666666668 195 234
22.0 187 234
22.083333333333332 189 234
22.166666666666668 194 234
22.25 190 234
22.333333333333332 201 234
22.416666666666668 198 234
22.5 193 234
22.583333333333332 232 234
22.666666666666668 184 234
22.75 203 234
22.833333333333332 205 234
22.916666666666668 202 234
23.0 225 234
23.083333333333332 197 234
23.166666666666668 190 234
23.25 183 234
23.333333333333332 183 234
23.416666666666668 192 234
23.5 184 234
23.583333333333332 187 234
23.666666666666668 189 234
23.75 196 234
23.833333333333332 207 234
23.916666666666668 188 234
