0.0 188 234
0.08333333333333333 245 234
0.16666666666666666 237 234
0.25 198 234
0.3333333333333333 188 234
0.4166666666666667 184 234
0.5 184 234
0.5833333333333334 196 234
0.6666666666666666 182 234
0.75 216 234
0.8333333333333334 187 234
0.9166666666666666 198 234
1.0 220 234
1.0833333333333333 186 234
1.1666666666666667 187 234
1.25 188 234
1.3333333333333333 178 234
1.4166666666666667 178 234
1.5 177 234
1.5833333333333335 180 234
1.6666666666666665 181 234
1.75 175 234
1.8333333333333335 217 234
1.9166666666666665 184 234
2.0 178 234
2.0833333333333335 175 234
2.1666666666666665 174 234
2.25 170 234
2.3333333333333335 172 234
2.4166666666666665 173 234
2.5 172 234
2.5833333333333335 237 234
2.6666666666666665 209 234
2.75 225 234
2.8333333333333335 178 234
2.9166666666666665 172 234
3.0 176 234
3.0833333333333335 176 234
3.1666666666666665 175 234
3.25 186 234
3.3333333333333335 187 234
3.4166666666666665 191 234
3.5 187 234
3.5833333333333335 208 234
3.6666666666666665 173 234
3.75 201 234
3.8333333333333335 191 234
3.9166666666666665 194 234
4.0 175 234
4.083333333333333 166 234
4.166666666666667 167 234
4.25 168 234
4.333333333333333 185 234
4.416666666666667 176 234
4.5 211 234
4.583333333333333 173 234
4.666666666666667 172 234
4.75 166 234
4.833333333333333 166 234
4.916666666666667 176 234
5.0 180 234
5.083333333333333 167 234
5.166666666666667 183 234
5.25 180 234
5.333333333333333 192 234
5.416666666666667 167 234
5.5 173 234
5.583333333333333 169 234
5.666666666666667 171 234
5.75 173 234
5.833333333333333 173 234
5.916666666666667 197 234
6.0 205 234
6.083333333333333 176 234
6.166666666666667 180 234
6.25 176 234
6.333333333333333 171 234
6.416666666666667 170 234
6.5 170 234
6.583333333333333 164 234
6.666666666666667 163 234
6.75 165 234
6.833333333333333 184 234
6.916666666666667 185 234
7.0 209 234
7.083333333333333 194 234
7.166666666666667 198 234
7.25 193 234
7.333333333333333 211 234
7.416666666666667 211 234
7.5 184 234
7.583333333333333 172 234
7.666666666666667 174 234
7.75 193 234
7.833333333333333 198 234
7.916666666666667 183 234
8.0 192 234
8.083333333333334 197 234
8.166666666666666 194 234
8.25 221 234
8.333333333333334 228 234
8.416666666666666 234 234
8.5 190 234
8.583333333333334 195 234
8.666666666666666 178 234
8.75 188 234
8.833333333333334 183 234
8.916666666666666 202 234
9.0 196 234
9.083333333333334 202 234
9.166666666666666 181 234
9.25 189 234
9.333333333333334 195 234
9.416666666666666 186 234
9.5 179 234
9.583333333333334 182 234
9.666666666666666 190 234
9.75 182 234
9.833333333333334 204 234
9.916666666666666 208 234
10.0 215 234
10.083333333333334 187 234
10.166666666666666 211 234
10.25 200 234
10.333333333333334 187 234
10.416666666666666 193 234
10.5 245 234
10.583333333333334 206 234
10.666666666666666 203 234
10.75 204 234
10.833333333333334 237 234
10.916666666666666 275 234
11.0 203 234
11.083333333333334 201 234
11.166666666666666 197 234
11.25 198 234
11.333333333333334 207 234
11.416666666666666 218 234
11.5 193 234
11.583333333333334 203 234
11.666666666666666 194 234
11.75 204 234
11.833333333333334 197 234
11.916666666666666 187 234
12.0 194 234
12.083333333333334 189 234
12.166666666666666 213 234
12.25 212 234
12.333333333333334 197 234
12.416666666666666 204 234
12.5 229 234
12.583333333333334 229 234
12.666666666666666 252 234
12.75 239 234
12.833333333333334 212 234
12.916666666666666 212 234
13.0 203 234
13.083333333333334 198 234
13.166666666666666 213 234
13.25 204 234
13.333333333333334 228 234
13.416666666666666 234 234
13.5 228 234
13.583333333333334 219 234
13.666666666666666 209 234
13.75 205 234
13.833333333333334 210 234
13.916666666666666 213 234
14.0 213 234
14.083333333333334 244 234
14.166666666666666 265 234
14.25 204 234
14.333333333333334 208 234
14.416666666666666 242 234
14.5 202 234
14.583333333333334 221 234
14.666666666666666 216 234
14.75 221 234
14.833333333333334 215 234
14.916666666666666 206 234
15.0 219 234
15.083333333333334 201 234
15.166666666666666 199 234
15.25 206 234
15.333333333333334 209 234
15.416666666666666 204 234
15.5 206 234
15.583333333333334 223 234
15.666666666666666 228 234
15.75 214 234
15.833333333333334 215 234
15.916666666666666 212 234
16.0 215 234
16.083333333333332 214 234
16.166666666666668 257 234
16.25 202 234
16.333333333333332 208 234
16.416666666666668 204 234
16.5 211 234
16.583333333333332 215 234
16.666666666666668 219 234
16.75 223 234
16.833333333333332 205 234
16.916666666666668 201 234
17.0 215 234
17.083333333333332 243 234
17.166666666666668 232 234
17.25 195 234
17.333333333333332 199 234
17.416666666666668 205 234
17.5 211 234
17.583333333333332 233 234
17.666666666666668 224 234
17.75 253 234
17.833333333333332 227 234
17.916666666666668 220 234
18.0 213 234
18.083333333333332 217 234
18.166666666666668 213 234
18.25 236 234
18.333333333333332 215 234
18.416666666666668 219 234
18.5 215 234
18.583333333333332 228 234
18.666666666666668 243 234
18.75 212 234
18.833333333333332 223 234
18.916666666666668 215 234
19.0 225 234
19.083333333333332 249 234
19.166666666666668 231 234
19.25 224 234
19.333333333333332 287 234
19.416666666666668 222 234
19.5 260 234
19.583333333333332 241 234
19.666666666666668 261 234
19.75 276 234
19.833333333333332 231 234
19.916666666666668 222 234
20.0 235 234
20.083333333333332 226 234
20.166666666666668 227 234
20.25 270 234
20.333333333333332 255 234
20.416666666666668 207 234
20.5 219 234
20.583333333333332 208 234
20.666666666666668 218 234
20.75 229 234
20.833333333333332 229 234
20.916666666666668 252 234
21.0 242 234
21.083333333333332 252 234
21.166666666666668 261 234
21.25 241 234
21.333333333333332 276 234
21.416666666666668 265 234
21.5 271 234
21.583333333333332 245 234
21.666666666666668 220 234
21.75 222 234
21.833333333333332 212 234
21.916666666666668 205 234
22.0 208 234
22.083333333333332 191 234
22.166666666666668 189 234
22.25 234 234
22.333333333333332 206 234
22.416666666666668 207 234
22.5 221 234
22.583333333333332 194 234
22.666666666666668 188 234
22.75 192 234
22.833333333333332 192 234
22.916666666666668 191 234
23.0 213 234
23.083333333333332 201 234
23.166666666666668 193 234
23.25 201 234
23.333333333333332 177 234
23.416666666666668 174 234
23.5 173 234
23.583333333333332 186 234
23.666666666666668 189 234
23.75 177 234
23.833333333333332 169 234
23.916666666666668 174 234
