0.0 172 234
0.25 171 234
0.5 174 234
0.75 197 234
1.0 193 234
1.25 171 234
1.5 166 234
1.75 167 234
2.0 172 234
2.25 169 234
2.5 175 234
2.75 167 234
3.0 177 234
3.25 187 234
3.5 177 234
3.75 178 234
4.0 167 234
4.25 167 234
4.5 168 234
4.75 170 234
5.0 164 234
5.25 163 234
5.5 164 234
5.75 174 234
6.0 203 234
6.25 190 234
6.5 204 234
6.75 225 234
7.0 249 234
7.25 253 234
7.5 306 234
7.75 272 234
8.0 416 234
8.25 405 234
8.5 504 234
8.75 339 234
9.0 305 234
9.25 281 234
9.5 297 234
9.75 348 234
10.0 375 234
10.25 510 234
10.5 426 234
10.75 445 234
11.0 343 234
11.25 382 234
11.5 339 234
11.75 306 234
12.0 414 234
12.25 323 234
12.5 363 234
12.75 365 234
13.0 268 234
13.25 348 234
13.5 267 234
13.75 497 234
14.0 456 234
14.25 394 234
14.5 361 234
14.75 468 234
15.0 458 234
15.25 538 234
15.5 527 234
15.75 460 234
16.0 404 234
16.25 432 234
16.5 633 234
16.75 516 234
17.0 534 234
17.25 492 234
17.5 412 234
17.75 383 234
18.0 413 234
18.25 349 234
18.5 380 234
18.75 307 234
19.0 292 234
19.25 299 234
19.5 341 234
19.75 258 234
20.0 1 0
20.25 222 234
20.5 262 234
20.75 376 234
21.0 219 234
21.25 247 234
21.5 194 234
21.75 250 234
22.0 195 234
22.25 199 234
22.5 205 234
22.75 208 234
23.0 230 234
23.25 194 234
23.5 188 234
23.75 218 234
