12.0 299 234
12.25 384 234
12.5 425 234
12.75 434 234
13.0 414 234
13.25 316 234
13.5 413 234
13.75 294 234
14.0 282 234
14.25 322 234
14.5 399 234
14.75 395 234
15.0 528 234
15.25 491 234
15.5 598 234
15.75 905 234
16.0 581 234
16.25 585 234
16.5 397 234
16.75 502 234
17.0 460 234
17.25 318 234
17.5 385 234
17.75 428 234
18.0 356 234
18.25 273 234
18.5 256 234
18.75 251 234
19.0 280 234
19.25 275 234
19.5 219 234
19.75 237 234
20.0 264 234
20.25 349 234
20.5 269 234
20.75 245 234
21.0 218 234
21.25 214 234
21.5 214 234
21.75 201 234
22.0 191 234
22.25 206 234
22.5 188 234
22.75 186 234
23.0 184 234
23.25 209 234
23.5 187 234
23.75 177 234
