0.0 145 167
0.25 138 167
0.5 162 167
0.75 138 167
1.0 142 167
1.25 125 167
1.5 134 167
1.75 143 167
2.0 149 167
2.25 154 167
2.5 135 167
2.75 129 167
3.0 147 167
3.25 142 167
3.5 135 167
3.75 128 167
4.0 151 167
4.25 151 167
4.5 125 167
4.75 133 167
5.0 132 167
5.25 116 167
5.5 121 167
5.75 120 167
6.0 129 167
6.25 175 167
6.5 159 167
6.75 222 167
7.0 152 167
7.25 218 167
7.5 184 167
7.75 169 167
8.0 190 167
8.25 164 167
8.5 202 167
8.75 160 167
9.0 158 167
9.25 200 167
9.5 163 167
9.75 177 167
10.0 203 167
10.25 175 167
10.5 163 167
10.75 185 167
11.0 166 167
11.25 181 167
11.5 169 167
11.75 191 167
12.0 205 167
12.25 162 167
12.5 225 167
12.75 176 167
13.0 176 167
13.25 185 167
13.5 214 167
13.75 165 167
14.0 197 167
14.25 245 167
14.5 206 167
14.75 199 167
15.0 194 167
15.25 203 167
15.5 208 167
15.75 186 167
16.0 218 167
16.25 206 167
16.5 223 167
16.75 200 167
17.0 232 167
17.25 272 167
17.5 228 167
17.75 166 167
18.0 170 167
18.25 166 167
18.5 237 167
18.75 195 167
19.0 158 167
19.25 157 167
19.5 158 167
19.75 216 167
20.0 159 167
20.25 146 167
20.5 171 167
20.75 173 167
21.0 136 167
21.25 152 167
21.5 155 167
21.75 148 167
22.0 153 167
22.25 134 167
22.5 148 167
22.75 130 167
23.0 129 167
23.25 147 167
23.5 129 167
23.75 127 167
