12.616666666666667 191 166
12.7 191 166
12.75 178 166
12.783333333333333 200 166
12.866666666666667 173 166
12.916666666666666 175 166
12.95 168 166
13.0 164 166
13.05 183 166
13.1 170 166
13.166666666666666 173 166
13.2 177 166
13.233333333333333 168 166
13.266666666666667 169 166
13.3 170 166
13.333333333333334 164 166
13.35 161 166
13.366666666666667 159 166
13.433333333333334 269 166
13.5 259 166
13.566666666666666 217 166
13.616666666666667 247 166
13.666666666666666 224 166
13.683333333333334 203 166
13.75 197 166
13.85 170 166
13.866666666666667 180 166
13.95 178 166
13.983333333333333 205 166
14.0 263 166
14.05 216 166
14.1 277 166
14.133333333333333 259 166
14.2 211 166
14.25 183 166
14.3 206 166
14.383333333333333 181 166
14.433333333333334 168 166
14.483333333333333 174 166
14.5 172 166
14.55 250 166
14.566666666666666 260 166
14.616666666666667 232 166
14.666666666666666 271 166
14.733333333333333 262 166
14.833333333333334 256 166
14.85 286 166
14.883333333333333 279 166
14.966666666666667 250 166
15.05 263 166
15.1 201 166
15.116666666666667 208 166
15.166666666666666 191 166
15.233333333333333 242 166
15.283333333333333 238 166
15.3 196 166
15.366666666666667 311 166
15.416666666666666 351 166
15.45 389 166
15.483333333333333 427 166
15.516666666666667 441 166
15.55 490 166
15.583333333333334 452 166
15.6 593 166
15.683333333333334 439 166
15.683333333333334 427 166
15.75 277 166
15.766666666666667 256 166
15.8 327 166
15.866666666666667 357 166
15.883333333333333 368 166
15.966666666666667 395 166
16.05 477 166
16.1 339 166
16.166666666666668 371 166
16.233333333333334 533 166
16.3 786 166
16.316666666666666 593 358
16.4 402 166
16.483333333333334 402 166
16.516666666666666 420 166
