0.0 129 167
0.25 149 167
0.5 143 167
0.75 148 167
1.0 135 167
1.25 152 167
1.5 148 167
1.75 181 167
2.0 140 167
2.25 133 167
2.5 143 167
2.75 133 167
3.0 131 167
3.25 126 167
3.5 131 167
3.75 147 167
4.0 133 167
4.25 158 167
4.5 202 167
4.75 124 167
5.0 125 167
5.25 120 167
5.5 139 167
5.75 124 167
6.0 125 167
6.25 150 167
6.5 123 167
6.75 133 167
7.0 123 167
7.25 147 167
7.5 155 167
7.75 157 167
8.0 237 167
8.25 237 167
8.5 146 167
8.75 165 167
9.0 156 167
9.25 151 167
9.5 179 167
9.75 171 167
10.0 152 167
10.25 149 167
10.5 185 167
10.75 196 167
11.0 156 167
11.25 172 167
11.5 156 167
11.75 163 167
12.0 154 167
12.25 155 167
12.5 153 167
12.75 188 167
13.0 148 167
13.25 187 167
13.5 154 167
13.75 148 167
14.0 201 167
14.25 157 167
14.5 222 167
14.75 157 167
15.0 167 167
15.25 157 167
15.5 148 167
15.75 167 167
16.0 186 167
16.25 154 167
16.5 193 167
16.75 221 167
17.0 169 167
17.25 199 167
17.5 182 167
17.75 175 167
18.0 154 167
18.25 151 167
18.5 216 167
18.75 149 167
19.0 196 167
19.25 153 167
19.5 166 167
19.75 151 167
20.0 156 167
20.25 151 167
20.5 159 167
20.75 175 167
20.916666666666668 144 167
21.0 154 167
21.083333333333332 141 167
21.166666666666668 142 167
21.25 145 167
21.333333333333332 139 167
21.416666666666668 147 167
21.5 150 167
21.583333333333332 139 167
21.666666666666668 134 167
21.75 136 167
21.833333333333332 138 167
21.916666666666668 133 167
22.0 167 167
22.083333333333332 144 167
22.166666666666668 133 167
22.25 133 167
22.333333333333332 148 167
22.416666666666668 140 167
22.5 124 167
22.583333333333332 153 167
22.666666666666668 145 167
22.75 151 167
22.833333333333332 164 167
22.916666666666668 141 167
23.0 133 167
23.083333333333332 137 167
23.166666666666668 141 167
23.25 149 167
23.333333333333332 134 167
23.416666666666668 133 167
23.5 123 167
23.583333333333332 170 167
23.666666666666668 156 167
23.75 136 167
23.833333333333332 138 167
23.916666666666668 139 167
