0.0 153 167
0.08333333333333333 145 167
0.16666666666666666 159 167
0.25 128 167
0.3333333333333333 147 167
0.4166666666666667 147 167
0.5 147 167
0.5833333333333334 149 167
0.6666666666666666 151 167
0.75 127 167
0.8333333333333334 142 167
0.9166666666666666 129 167
1.0 125 167
1.0833333333333333 139 167
1.1666666666666667 169 167
1.25 163 167
1.3333333333333333 142 167
1.4166666666666667 165 167
1.5 141 167
1.5833333333333335 130 167
1.6666666666666665 130 167
1.75 164 167
1.8333333333333335 147 167
1.9166666666666665 131 167
2.0 133 167
2.0833333333333335 133 167
2.1666666666666665 145 167
2.25 141 167
2.3333333333333335 154 167
2.4166666666666665 195 167
2.5 174 167
2.5833333333333335 163 167
2.6666666666666665 127 167
2.75 126 167
2.8333333333333335 174 167
2.9166666666666665 152 167
3.0 130 167
3.0833333333333335 146 167
3.1666666666666665 140 167
3.25 141 167
3.3333333333333335 137 167
3.4166666666666665 139 167
3.5 126 167
3.5833333333333335 159 167
3.6666666666666665 159 167
3.75 150 167
3.8333333333333335 134 167
3.9166666666666665 121 167
4.0 130 167
4.083333333333333 141 167
4.166666666666667 156 167
4.25 140 167
4.333333333333333 141 167
4.416666666666667 158 167
4.5 185 167
4.583333333333333 129 167
4.666666666666667 130 167
4.75 119 167
4.833333333333333 117 167
4.916666666666667 120 167
5.0 122 167
5.083333333333333 120 167
5.166666666666667 129 167
5.25 143 167
5.333333333333333 127 167
5.416666666666667 128 167
5.5 130 167
5.583333333333333 135 167
5.666666666666667 155 167
5.75 140 167
5.833333333333333 127 167
5.916666666666667 128 167
6.0 149 167
6.083333333333333 126 167
6.166666666666667 135 167
6.25 130 167
6.333333333333333 127 167
6.416666666666667 132 167
6.5 120 167
6.583333333333333 118 167
6.666666666666667 136 167
6.75 149 167
6.833333333333333 158 167
6.916666666666667 149 167
7.0 147 167
7.083333333333333 170 167
7.166666666666667 157 167
7.25 145 167
7.333333333333333 145 167
7.416666666666667 149 167
7.5 132 167
7.583333333333333 135 167
7.666666666666667 140 167
7.75 136 167
7.833333333333333 145 167
7.916666666666667 128 167
8.0 122 167
8.083333333333334 117 167
8.166666666666666 130 167
8.25 135 167
8.333333333333334 126 167
8.416666666666666 127 167
8.5 124 167
8.583333333333334 128 167
8.666666666666666 137 167
8.75 130 167
8.833333333333334 132 167
8.916666666666666 135 167
9.0 146 167
9.083333333333334 134 167
9.166666666666666 153 167
9.25 127 167
9.333333333333334 130 167
9.416666666666666 143 167
9.5 136 167
9.583333333333334 161 167
9.666666666666666 132 167
9.75 171 167
9.833333333333334 178 167
9.916666666666666 153 167
10.0 138 167
10.083333333333334 133 167
10.166666666666666 138 167
10.25 141 167
10.333333333333334 138 167
10.416666666666666 154 167
10.5 143 167
10.583333333333334 144 167
10.666666666666666 182 167
10.75 157 167
10.833333333333334 153 167
10.916666666666666 147 167
11.0 155 167
11.083333333333334 199 167
11.166666666666666 141 167
11.25 135 167
11.333333333333334 162 167
11.416666666666666 139 167
11.5 173 167
11.583333333333334 165 167
11.666666666666666 151 167
11.75 154 167
11.833333333333334 210 167
11.916666666666666 137 167
12.0 190 167
12.083333333333334 143 167
12.166666666666666 149 167
12.25 167 167
12.333333333333334 193 167
12.416666666666666 208 167
12.5 173 167
12.583333333333334 146 167
12.666666666666666 148 167
12.75 187 167
12.833333333333334 149 167
12.916666666666666 145 167
13.0 150 167
13.083333333333334 156 167
13.166666666666666 151 167
13.25 198 167
13.333333333333334 154 167
13.416666666666666 145 167
13.5 212 167
13.583333333333334 150 167
13.666666666666666 144 167
13.75 149 167
13.833333333333334 160 167
13.916666666666666 202 167
14.0 158 167
14.083333333333334 161 167
14.166666666666666 184 167
14.25 157 167
14.333333333333334 153 167
14.416666666666666 162 167
14.5 171 167
14.583333333333334 171 167
14.666666666666666 178 167
14.75 196 167
14.833333333333334 153 167
14.916666666666666 179 167
15.0 203 167
15.083333333333334 158 167
15.166666666666666 176 167
15.25 154 167
15.333333333333334 174 167
15.416666666666666 147 167
15.5 188 167
15.583333333333334 152 167
15.666666666666666 145 167
15.75 154 167
15.833333333333334 160 167
15.916666666666666 148 167
16.0 172 167
16.083333333333332 157 167
16.166666666666668 172 167
16.25 155 167
16.333333333333332 172 167
16.416666666666668 196 167
16.5 155 167
16.583333333333332 158 167
16.666666666666668 171 167
16.75 193 167
16.833333333333332 181 167
16.916666666666668 189 167
17.0 155 167
17.083333333333332 148 167
17.166666666666668 149 167
17.25 158 167
17.333333333333332 165 167
17.416666666666668 156 167
17.5 157 167
17.583333333333332 153 167
17.666666666666668 165 167
17.75 162 167
17.833333333333332 177 167
17.916666666666668 172 167
18.0 188 167
18.083333333333332 158 167
18.166666666666668 198 167
18.25 178 167
18.333333333333332 166 167
18.416666666666668 158 167
18.5 171 167
18.583333333333332 176 167
18.666666666666668 154 167
18.75 172 167
18.833333333333332 155 167
18.916666666666668 161 167
19.0 180 167
19.083333333333332 155 167
19.166666666666668 158 167
19.25 159 167
19.333333333333332 156 167
19.416666666666668 215 167
19.5 200 167
19.583333333333332 193 167
19.666666666666668 194 167
19.75 190 167
19.833333333333332 195 167
19.916666666666668 151 167
20.0 166 167
20.083333333333332 195 167
20.166666666666668 173 167
20.25 162 167
20.333333333333332 181 167
20.416666666666668 185 167
20.5 201 167
20.583333333333332 213 167
20.666666666666668 223 167
20.75 182 167
20.833333333333332 219 167
20.916666666666668 237 167
21.0 163 167
21.083333333333332 210 167
21.166666666666668 178 167
21.25 161 167
21.333333333333332 312 167
21.416666666666668 186 167
21.5 190 167
21.583333333333332 228 167
21.666666666666668 164 167
21.75 148 167
21.833333333333332 145 167
21.916666666666668 136 167
22.0 130 167
22.083333333333332 131 167
22.166666666666668 161 167
22.25 135 167
22.333333333333332 128 167
22.416666666666668 129 167
22.5 136 167
22.583333333333332 145 167
22.666666666666668 149 167
22.75 134 167
22.833333333333332 127 167
22.916666666666668 166 167
23.0 136 167
23.083333333333332 133 167
23.166666666666668 131 167
23.25 123 167
23.333333333333332 126 167
23.416666666666668 128 167
23.5 135 167
23.583333333333332 144 167
23.666666666666668 134 167
23.75 129 167
23.833333333333332 124 167
23.916666666666668 129 167
