0.0 166 167
0.25 125 167
0.5 146 167
0.75 135 167
1.0 125 167
1.25 148 167
1.5 122 167
1.75 117 167
2.0 136 167
2.25 135 167
2.5 128 167
2.75 116 167
3.0 121 167
3.25 118 167
3.5 120 167
3.75 135 167
4.0 125 167
4.25 113 167
4.5 120 167
4.75 115 167
5.0 126 167
5.25 116 167
5.5 137 167
5.75 135 167
6.0 134 167
6.25 142 167
6.5 147 167
6.75 167 167
7.0 159 167
7.25 155 167
7.5 174 167
7.75 250 167
8.0 185 167
8.25 183 167
8.5 179 167
8.75 171 167
9.0 191 167
9.25 161 167
9.5 175 167
9.75 169 167
10.0 163 167
10.25 168 167
10.5 177 167
10.75 162 167
11.0 162 167
11.25 209 167
11.5 226 167
11.75 169 167
12.0 190 167
12.25 186 167
12.5 180 167
12.75 173 167
13.0 181 167
13.25 165 167
13.5 162 167
13.75 191 167
14.0 159 167
14.25 187 167
14.5 169 167
14.75 183 167
15.0 173 167
15.25 207 167
15.5 301 167
15.75 268 167
16.0 475 167
16.25 235 167
16.5 257 167
16.75 215 167
17.0 168 167
17.25 218 167
17.5 225 167
17.75 227 167
18.0 214 167
18.25 174 167
18.5 181 167
18.75 181 167
19.0 167 167
19.25 209 167
19.5 155 167
19.75 170 167
20.0 151 167
20.25 172 167
20.5 418 167
20.75 164 167
21.0 153 167
21.25 140 167
21.5 133 167
21.75 141 167
22.0 137 167
22.25 168 167
22.5 135 167
22.75 171 167
23.0 166 167
23.25 130 167
23.5 126 167
23.75 143 167
