12.0 169 167
12.25 170 167
12.5 244 167
12.75 183 167
13.0 183 167
13.25 192 167
13.5 210 167
13.75 168 167
14.0 204 167
14.25 189 167
14.5 201 167
14.75 308 167
15.0 336 167
15.25 364 167
15.5 219 167
15.75 292 167
16.0 281 167
16.25 250 167
16.5 236 167
16.75 196 167
17.0 232 167
17.25 188 167
17.5 183 167
17.75 185 167
18.0 160 167
18.25 158 167
18.5 154 167
18.75 149 167
19.0 171 167
19.25 199 167
19.5 153 167
19.75 143 167
20.0 500 502
20.25 147 167
20.5 143 167
20.75 140 167
21.0 164 167
21.25 154 167
21.5 134 167
21.75 138 167
22.0 134 167
22.25 128 167
22.5 132 167
22.75 121 167
23.0 136 167
23.25 150 167
23.5 161 167
23.75 134 167
