0.0 196 249
0.25 201 249
0.5 206 249
0.75 197 249
1.0 205 249
1.25 206 249
1.5 207 249
1.75 195 249
2.0 197 249
2.25 208 249
2.5 197 249
2.75 205 249
3.0 197 249
3.25 209 249
3.5 198 249
3.75 204 249
4.0 199 249
4.25 205 249
4.5 201 249
4.75 190 249
5.0 188 249
5.25 192 249
5.5 198 249
5.75 211 249
6.0 232 249
6.25 225 249
6.5 257 249
6.75 340 249
7.0 319 249
7.25 431 249
7.5 496 249
7.75 593 249
8.0 638 249
8.25 768 249
8.5 473 249
8.75 469 249
9.0 570 249
9.25 507 249
9.5 635 249
9.75 693 249
10.0 658 249
10.25 573 249
10.5 663 249
10.75 590 432
11.0 733 249
11.25 593 249
11.5 705 249
11.75 636 249
12.0 554 249
12.25 545 249
12.5 522 249
12.75 523 249
13.0 429 249
13.25 467 249
13.5 631 249
13.75 582 249
14.0 540 249
14.25 644 249
14.5 739 249
14.75 498 249
15.0 525 249
15.25 487 249
15.5 638 249
15.75 620 249
16.0 608 249
16.25 507 249
16.5 483 249
16.75 380 249
17.0 547 249
17.25 510 249
17.5 602 249
17.75 634 249
18.0 462 249
18.25 422 249
18.5 466 249
18.75 440 249
19.0 315 249
19.25 336 249
19.5 276 249
19.75 260 249
20.0 230 249
20.25 229 249
20.5 221 249
20.75 219 249
21.0 221 249
21.25 232 249
21.5 208 249
21.75 205 249
22.0 216 249
22.25 225 249
22.5 220 249
22.75 207 249
23.0 201 249
23.25 216 249
23.5 200 249
23.75 208 249
