12.616666666666667 699 248
12.7 474 248
12.75 434 248
12.783333333333333 560 248
12.866666666666667 564 248
12.916666666666666 466 248
12.95 616 248
13.0 457 248
13.05 558 248
13.1 432 248
13.166666666666666 328 248
13.2 343 248
13.233333333333333 362 248
13.266666666666667 468 248
13.3 433 248
13.333333333333334 450 248
13.35 492 248
13.366666666666667 461 248
13.433333333333334 424 248
13.5 402 248
13.566666666666666 509 248
13.616666666666667 578 248
13.666666666666666 498 248
13.683333333333334 433 248
13.75 406 248
13.85 469 248
13.866666666666667 479 248
13.95 395 248
13.983333333333333 530 248
14.0 533 248
14.05 482 248
14.1 464 248
14.133333333333333 344 248
14.2 425 248
14.25 498 248
14.3 402 248
14.383333333333333 614 248
14.433333333333334 587 248
14.483333333333333 528 248
14.5 555 248
14.55 570 248
14.566666666666666 506 248
14.616666666666667 546 248
14.666666666666666 536 248
14.733333333333333 557 248
14.833333333333334 572 248
14.85 574 248
14.883333333333333 534 248
14.966666666666667 450 248
15.05 430 248
15.1 539 248
15.116666666666667 551 248
15.166666666666666 604 248
15.233333333333333 600 248
15.283333333333333 584 248
15.3 586 248
15.366666666666667 573 248
15.416666666666666 479 248
15.45 510 248
15.483333333333333 416 248
15.516666666666667 425 248
15.55 504 248
15.583333333333334 468 248
15.6 450 248
15.683333333333334 480 248
15.683333333333334 480 248
15.75 550 248
15.766666666666667 550 248
15.8 554 248
15.866666666666667 557 248
15.883333333333333 542 248
15.966666666666667 529 248
16.05 391 248
16.1 637 248
16.166666666666668 487 248
16.233333333333334 540 248
16.3 480 248
16.316666666666666 479 248
16.4 677 248
16.483333333333334 617 248
16.516666666666666 666 248
