0.0 203 249
0.25 199 249
0.5 209 249
0.75 200 249
1.0 205 249
1.25 197 249
1.5 195 249
1.75 194 249
2.0 215 249
2.25 217 249
2.5 201 249
2.75 197 249
3.0 203 249
3.25 198 249
3.5 208 249
3.75 200 249
4.0 205 249
4.25 199 249
4.5 202 249
4.75 201 249
5.0 199 249
5.25 200 249
5.5 201 249
5.75 194 249
6.0 196 249
6.25 191 249
6.5 188 249
6.75 210 249
7.0 196 249
7.25 207 249
7.5 217 249
7.75 239 249
8.0 232 249
8.25 216 249
8.5 246 249
8.75 235 249
9.0 294 249
9.25 449 249
9.5 521 249
9.75 615 249
10.0 495 249
10.25 514 249
10.5 450 249
10.75 652 249
11.0 482 249
11.25 482 249
11.5 484 249
11.75 581 249
12.0 558 249
12.25 446 249
12.5 417 249
12.75 475 249
13.0 518 249
13.25 591 249
13.5 357 249
13.75 451 249
14.0 435 249
14.25 634 249
14.5 520 249
14.75 475 249
15.0 400 249
15.25 355 249
15.5 381 249
15.75 358 249
16.0 356 249
16.25 314 249
16.5 334 249
16.75 328 249
17.0 265 249
17.25 322 249
17.5 311 249
17.75 281 249
18.0 248 249
18.25 275 249
18.5 337 249
18.75 374 249
19.0 407 249
19.25 386 249
19.5 256 249
19.75 222 249
20.0 229 249
20.25 234 249
20.5 230 249
20.75 212 249
20.916666666666668 215 249
21.0 226 249
21.083333333333332 211 249
21.166666666666668 229 249
21.25 224 249
21.333333333333332 233 249
21.416666666666668 213 249
21.5 218 249
21.583333333333332 211 249
21.666666666666668 234 249
21.75 215 249
21.833333333333332 213 249
21.916666666666668 215 249
22.0 217 249
22.083333333333332 231 249
22.166666666666668 234 249
22.25 218 249
22.333333333333332 224 249
22.416666666666668 214 249
22.5 204 249
22.583333333333332 222 249
22.666666666666668 208 249
22.75 213 249
22.833333333333332 213 249
22.916666666666668 207 249
23.0 205 249
23.083333333333332 207 249
23.166666666666668 219 249
23.25 223 249
23.333333333333332 205 249
23.416666666666668 226 249
23.5 224 249
23.583333333333332 211 249
23.666666666666668 203 249
23.75 204 249
23.833333333333332 205 249
23.916666666666668 213 249
