0.0 216 249
0.08333333333333333 206 249
0.16666666666666666 198 249
0.25 198 249
0.3333333333333333 204 249
0.4166666666666667 205 249
0.5 200 249
0.5833333333333334 198 249
0.6666666666666666 201 249
0.75 200 249
0.8333333333333334 202 249
0.9166666666666666 207 249
1.0 199 249
1.0833333333333333 203 249
1.1666666666666667 204 249
1.25 219 249
1.3333333333333333 236 249
1.4166666666666667 216 249
1.5 208 249
1.5833333333333335 198 249
1.6666666666666665 198 249
1.75 206 249
1.8333333333333335 199 249
1.9166666666666665 194 249
2.0 196 249
2.0833333333333335 197 249
2.1666666666666665 205 249
2.25 198 249
2.3333333333333335 197 249
2.4166666666666665 196 249
2.5 200 249
2.5833333333333335 213 249
2.6666666666666665 206 249
2.75 213 249
2.8333333333333335 206 249
2.9166666666666665 198 249
3.0 203 249
3.0833333333333335 196 249
3.1666666666666665 201 249
3.25 206 249
3.3333333333333335 201 249
3.4166666666666665 204 249
3.5 201 249
3.5833333333333335 204 249
3.6666666666666665 203 249
3.75 203 249
3.8333333333333335 205 249
3.9166666666666665 205 249
4.0 211 249
4.083333333333333 205 249
4.166666666666667 203 249
4.25 197 249
4.333333333333333 197 249
4.416666666666667 197 249
4.5 198 249
4.583333333333333 198 249
4.666666666666667 210 249
4.75 208 249
4.833333333333333 203 249
4.916666666666667 199 249
5.0 197 249
5.083333333333333 205 249
5.166666666666667 196 249
5.25 205 249
5.333333333333333 192 249
5.416666666666667 193 249
5.5 194 249
5.583333333333333 194 249
5.666666666666667 195 249
5.75 196 249
5.833333333333333 201 249
5.916666666666667 202 249
6.0 202 249
6.083333333333333 201 249
6.166666666666667 195 249
6.25 197 249
6.333333333333333 197 249
6.416666666666667 192 249
6.5 193 249
6.583333333333333 193 249
6.666666666666667 204 249
6.75 205 249
6.833333333333333 203 249
6.916666666666667 194 249
7.0 195 249
7.083333333333333 194 249
7.166666666666667 192 249
7.25 194 249
7.333333333333333 202 249
7.416666666666667 209 249
7.5 205 249
7.583333333333333 204 249
7.666666666666667 201 249
7.75 193 249
7.833333333333333 200 249
7.916666666666667 197 249
8.0 195 249
8.083333333333334 197 249
8.166666666666666 202 249
8.25 224 249
8.333333333333334 210 249
8.416666666666666 206 249
8.5 204 249
8.583333333333334 202 249
8.666666666666666 202 249
8.75 206 249
8.833333333333334 202 249
8.916666666666666 212 249
9.0 209 249
9.083333333333334 214 249
9.166666666666666 212 249
9.25 200 249
9.333333333333334 209 249
9.416666666666666 217 249
9.5 212 249
9.583333333333334 215 249
9.666666666666666 215 249
9.75 224 249
9.833333333333334 216 249
9.916666666666666 207 249
10.0 213 249
10.083333333333334 221 249
10.166666666666666 217 249
10.25 224 249
10.333333333333334 220 249
10.416666666666666 226 249
10.5 237 249
10.583333333333334 235 249
10.666666666666666 258 249
10.75 268 249
10.833333333333334 253 249
10.916666666666666 269 249
11.0 248 249
11.083333333333334 244 249
11.166666666666666 261 249
11.25 253 249
11.333333333333334 276 249
11.416666666666666 293 249
11.5 243 249
11.583333333333334 243 249
11.666666666666666 245 249
11.75 356 249
11.833333333333334 412 249
11.916666666666666 484 249
12.0 378 249
12.083333333333334 485 249
12.166666666666666 392 249
12.25 462 249
12.333333333333334 633 249
12.416666666666666 662 249
12.5 472 249
12.583333333333334 451 249
12.666666666666666 535 249
12.75 671 249
12.833333333333334 668 249
12.916666666666666 543 249
13.0 601 249
13.083333333333334 629 249
13.166666666666666 553 249
13.25 553 249
13.333333333333334 657 249
13.416666666666666 630 249
13.5 657 249
13.583333333333334 490 249
13.666666666666666 479 249
13.75 511 249
13.833333333333334 501 249
13.916666666666666 665 249
14.0 602 249
14.083333333333334 567 249
14.166666666666666 547 249
14.25 536 249
14.333333333333334 527 249
14.416666666666666 500 249
14.5 530 249
14.583333333333334 451 249
14.666666666666666 572 249
14.75 377 249
14.833333333333334 465 249
14.916666666666666 541 249
15.0 415 249
15.083333333333334 498 249
15.166666666666666 520 249
15.25 506 249
15.333333333333334 584 249
15.416666666666666 490 249
15.5 507 249
15.583333333333334 562 249
15.666666666666666 565 249
15.75 480 432
15.833333333333334 567 249
15.916666666666666 612 249
16.0 599 249
16.083333333333332 585 249
16.166666666666668 572 249
16.25 581 249
16.333333333333332 586 249
16.416666666666668 527 249
16.5 447 249
16.583333333333332 490 249
16.666666666666668 546 249
16.75 558 249
16.833333333333332 440 249
16.916666666666668 528 249
17.0 616 249
17.083333333333332 486 249
17.166666666666668 523 249
17.25 554 249
17.333333333333332 635 249
17.416666666666668 585 249
17.5 533 249
17.583333333333332 552 249
17.666666666666668 572 249
17.75 517 249
17.833333333333332 588 249
17.916666666666668 455 249
18.0 470 249
18.083333333333332 645 249
18.166666666666668 489 249
18.25 350 249
18.333333333333332 403 249
18.416666666666668 408 249
18.5 573 249
18.583333333333332 606 249
18.666666666666668 510 249
18.75 717 249
18.833333333333332 466 249
18.916666666666668 541 249
19.0 481 249
19.083333333333332 484 249
19.166666666666668 498 249
19.25 539 249
19.333333333333332 498 249
19.416666666666668 555 249
19.5 652 249
19.583333333333332 623 249
19.666666666666668 602 249
19.75 556 249
19.833333333333332 539 249
19.916666666666668 480 249
20.0 372 249
20.083333333333332 422 249
20.166666666666668 417 249
20.25 482 249
20.333333333333332 486 249
20.416666666666668 535 249
20.5 523 249
20.583333333333332 434 249
20.666666666666668 496 249
20.75 431 249
20.833333333333332 407 249
20.916666666666668 352 249
21.0 323 249
21.083333333333332 389 249
21.166666666666668 365 249
21.25 370 249
21.333333333333332 434 249
21.416666666666668 403 249
21.5 337 249
21.583333333333332 279 249
21.666666666666668 242 249
21.75 227 249
21.833333333333332 226 249
21.916666666666668 225 249
22.0 224 249
22.083333333333332 215 249
22.166666666666668 214 249
22.25 219 249
22.333333333333332 219 249
22.416666666666668 204 249
22.5 206 249
22.583333333333332 205 249
22.666666666666668 223 249
22.75 214 249
22.833333333333332 204 249
22.916666666666668 201 249
23.0 214 249
23.083333333333332 205 249
23.166666666666668 202 249
23.25 198 249
23.333333333333332 197 249
23.416666666666668 198 249
23.5 199 249
23.583333333333332 196 249
23.666666666666668 197 249
23.75 199 249
23.833333333333332 199 249
23.916666666666668 195 249
