0.0 197 249
0.25 194 249
0.5 195 249
0.75 202 249
1.0 201 249
1.25 196 249
1.5 203 249
1.75 202 249
2.0 204 249
2.25 206 249
2.5 194 249
2.75 197 249
3.0 194 249
3.25 197 249
3.5 195 249
3.75 202 249
4.0 190 249
4.25 189 249
4.5 194 249
4.75 191 249
5.0 199 249
5.25 198 249
5.5 201 249
5.75 197 249
6.0 214 249
6.25 226 249
6.5 322 249
6.75 390 249
7.0 440 249
7.25 410 249
7.5 380 249
7.75 421 249
8.0 354 249
8.25 507 249
8.5 671 249
8.75 505 249
9.0 382 249
9.25 357 249
9.5 535 249
9.75 485 249
10.0 640 249
10.25 600 249
10.5 540 249
10.75 549 249
11.0 509 249
11.25 406 249
11.5 349 249
11.75 403 249
12.0 456 249
12.25 334 249
12.5 594 249
12.75 458 249
13.0 444 249
13.25 385 249
13.5 364 249
13.75 438 249
14.0 420 249
14.25 461 249
14.5 480 249
14.75 465 249
15.0 588 249
15.25 446 249
15.5 474 249
15.75 375 249
16.0 389 249
16.25 379 249
16.5 280 249
16.75 275 249
17.0 289 249
17.25 265 249
17.5 259 249
17.75 235 249
18.0 242 249
18.25 256 249
18.5 322 249
18.75 270 249
19.0 303 249
19.25 314 249
19.5 252 249
19.75 241 249
20.0 242 249
20.25 219 249
20.5 220 249
20.75 215 249
21.0 223 249
21.25 225 249
21.5 218 249
21.75 209 249
22.0 208 249
22.25 211 249
22.5 207 249
22.75 198 249
23.0 201 249
23.25 210 249
23.5 192 249
23.75 195 249
