12.0 554 249
12.25 410 249
12.5 575 249
12.75 565 249
13.0 538 249
13.25 530 249
13.5 447 249
13.75 596 249
14.0 659 249
14.25 612 249
14.5 622 249
14.75 510 249
15.0 527 249
15.25 506 249
15.5 781 249
15.75 574 249
16.0 590 249
16.25 555 249
16.5 800 249
16.75 550 249
17.0 726 249
17.25 887 249
17.5 565 249
17.75 322 249
18.0 239 249
18.25 236 249
18.5 238 249
18.75 216 249
19.0 316 249
19.25 487 249
19.5 580 249
19.75 313 249
20.0 739 817
20.25 230 249
20.5 234 249
20.75 222 249
21.0 224 249
21.25 229 249
21.5 215 249
21.75 226 249
22.0 201 249
22.25 202 249
22.5 207 249
22.75 213 249
23.0 221 249
23.25 212 249
23.5 214 249
23.75 198 249
