0.0 513 648
0.25 537 648
0.5 544 648
0.75 501 648
1.0 518 648
1.25 505 648
1.5 521 648
1.75 500 648
2.0 527 648
2.25 541 648
2.5 495 648
2.75 501 648
3.0 515 648
3.25 510 648
3.5 502 648
3.75 511 648
4.0 518 648
4.25 532 648
4.5 497 648
4.75 515 648
5.0 492 648
5.25 477 648
5.5 514 648
5.75 506 648
6.0 568 648
6.25 595 648
6.5 612 648
6.75 765 648
7.0 734 648
7.25 946 648
7.5 986 648
7.75 1051 648
8.0 1155 648
8.25 1245 648
8.5 1171 648
8.75 892 648
9.0 1001 648
9.25 1022 648
9.5 1085 648
9.75 1134 648
10.0 1185 648
10.25 1046 648
10.5 1104 648
10.75 1047 831
11.0 1167 648
11.25 1064 648
11.5 1166 648
11.75 1126 648
12.0 1081 648
12.25 1132 648
12.5 1023 648
12.75 1046 648
13.0 894 648
13.25 976 648
13.5 1117 648
13.75 1117 648
14.0 1085 648
14.25 1212 648
14.5 1259 648
14.75 1027 648
15.0 1066 648
15.25 1031 648
15.5 1223 648
15.75 1114 648
16.0 1124 648
16.25 1062 648
16.5 1018 648
16.75 982 648
17.0 1062 648
17.25 1092 648
17.5 1095 648
17.75 1104 648
18.0 925 648
18.25 834 648
18.5 920 648
18.75 891 648
19.0 716 648
19.25 781 648
19.5 650 648
19.75 696 648
20.0 610 648
20.25 584 648
20.5 606 648
20.75 618 648
21.0 570 648
21.25 619 648
21.5 570 648
21.75 588 648
22.0 589 648
22.25 564 648
22.5 572 648
22.75 548 648
23.0 527 648
23.25 553 648
23.5 523 648
23.75 517 648
