12.616666666666667 1194 649
12.7 963 649
12.75 913 649
12.783333333333333 1044 649
12.866666666666667 1053 649
12.916666666666666 978 649
12.95 1136 649
13.0 1015 649
13.05 1088 649
13.1 957 649
13.166666666666666 840 649
13.2 957 649
13.233333333333333 983 649
13.266666666666667 1020 649
13.3 1029 649
13.333333333333334 1021 649
13.35 1110 649
13.366666666666667 1061 649
13.433333333333334 1094 649
13.5 1007 649
13.566666666666666 1233 649
13.616666666666667 1213 649
13.666666666666666 1070 649
13.683333333333334 990 649
13.75 1009 649
13.85 1016 649
13.866666666666667 1025 649
13.95 956 649
13.983333333333333 1135 649
14.0 1126 649
14.05 1025 649
14.1 1072 649
14.133333333333333 931 649
14.2 966 649
14.25 1037 649
14.3 932 649
14.383333333333333 1164 649
14.433333333333334 1096 649
14.483333333333333 1045 649
14.5 1083 649
14.55 1210 649
14.566666666666666 1208 649
14.616666666666667 1145 649
14.666666666666666 1220 649
14.733333333333333 1291 649
14.833333333333334 1198 853
14.85 1258 649
14.883333333333333 1225 649
14.966666666666667 1097 649
15.05 1132 649
15.1 1228 649
15.116666666666667 1318 649
15.166666666666666 1401 649
15.233333333333333 1341 649
15.283333333333333 1378 649
15.3 1341 649
15.366666666666667 1396 853
15.416666666666666 1410 649
15.45 1385 649
15.483333333333333 1330 649
15.516666666666667 1383 649
15.55 1453 649
15.583333333333334 1307 649
15.6 1419 649
15.683333333333334 1290 649
15.683333333333334 1337 649
15.75 1326 649
15.766666666666667 1353 649
15.8 1413 649
15.866666666666667 1395 649
15.883333333333333 1415 649
15.966666666666667 1383 649
16.05 1418 649
16.1 1482 649
16.166666666666668 1502 649
16.233333333333334 1466 649
16.3 1670 649
16.316666666666666 1594 649
16.4 1466 649
16.483333333333334 1423 649
16.516666666666666 1488 649
