0.0 522 648
0.25 548 648
0.5 528 648
0.75 556 648
1.0 528 648
1.25 515 648
1.5 519 648
1.75 575 648
2.0 537 648
2.25 522 648
2.5 530 648
2.75 495 648
3.0 512 648
3.25 497 648
3.5 519 648
3.75 521 648
4.0 507 648
4.25 515 648
4.5 576 648
4.75 508 648
5.0 504 648
5.25 508 648
5.5 539 648
5.75 486 648
6.0 490 648
6.25 529 648
6.5 494 648
6.75 524 648
7.0 514 648
7.25 536 648
7.5 557 648
7.75 593 648
8.0 667 648
8.25 631 648
8.5 585 648
8.75 596 648
9.0 665 648
9.25 759 648
9.5 834 858
9.75 935 895
10.0 902 648
10.25 924 648
10.5 894 648
10.75 902 858
11.0 859 648
11.25 889 648
11.5 856 648
11.75 956 648
12.0 930 648
12.25 845 648
12.5 803 648
12.75 871 648
13.0 897 648
13.25 992 648
13.5 729 648
13.75 860 648
14.0 864 648
14.25 1024 648
14.5 957 648
14.75 853 648
15.0 796 648
15.25 765 648
15.5 749 648
15.75 816 648
16.0 744 648
16.25 691 648
16.5 725 648
16.75 763 648
17.0 687 648
17.25 738 648
17.5 699 648
17.75 667 648
18.0 670 648
18.25 679 648
18.5 779 648
18.75 730 648
19.0 854 648
19.25 768 648
19.5 628 648
19.75 597 648
20.0 586 648
20.25 599 648
20.5 586 648
20.75 587 648
20.916666666666668 630 648
21.0 581 648
21.083333333333332 541 648
21.166666666666668 574 648
21.25 567 648
21.333333333333332 577 648
21.416666666666668 580 648
21.5 569 648
21.583333333333332 558 648
21.666666666666668 552 648
21.75 540 648
21.833333333333332 534 648
21.916666666666668 540 648
22.0 566 648
22.083333333333332 558 648
22.166666666666668 558 648
22.25 537 648
22.333333333333332 566 648
22.416666666666668 549 648
22.5 519 648
22.583333333333332 599 648
22.666666666666668 535 648
22.75 558 648
22.833333333333332 570 648
22.916666666666668 545 648
23.0 559 648
23.083333333333332 569 648
23.166666666666668 540 648
23.25 546 648
23.333333333333332 521 648
23.416666666666668 547 648
23.5 529 648
23.583333333333332 564 648
23.666666666666668 543 648
23.75 531 648
23.833333333333332 547 648
23.916666666666668 536 648
