0.0 546 648
0.08333333333333333 585 648
0.16666666666666666 580 648
0.25 519 648
0.3333333333333333 530 648
0.4166666666666667 529 648
0.5 523 648
0.5833333333333334 535 648
0.6666666666666666 527 648
0.75 539 648
0.8333333333333334 526 648
0.9166666666666666 531 648
1.0 538 648
1.0833333333333333 521 648
1.1666666666666667 556 648
1.25 566 648
1.3333333333333333 547 648
1.4166666666666667 542 648
1.5 526 648
1.5833333333333335 502 648
1.6666666666666665 508 648
1.75 536 648
1.8333333333333335 553 648
1.9166666666666665 506 648
2.0 504 648
2.0833333333333335 500 648
2.1666666666666665 517 648
2.25 509 648
2.3333333333333335 516 648
2.4166666666666665 566 648
2.5 542 648
2.5833333333333335 595 648
2.6666666666666665 534 648
2.75 557 648
2.8333333333333335 540 648
2.9166666666666665 517 648
3.0 508 648
3.0833333333333335 513 648
3.1666666666666665 511 648
3.25 526 648
3.3333333333333335 518 648
3.4166666666666665 530 648
3.5 508 648
3.5833333333333335 564 648
3.6666666666666665 529 648
3.75 551 648
3.8333333333333335 529 648
3.9166666666666665 518 648
4.0 508 648
4.083333333333333 508 648
4.166666666666667 524 648
4.25 503 648
4.333333333333333 516 648
4.416666666666667 529 648
4.5 585 648
4.583333333333333 495 648
4.666666666666667 506 648
4.75 489 648
4.833333333333333 484 648
4.916666666666667 492 648
5.0 496 648
5.083333333333333 487 648
5.166666666666667 502 648
5.25 523 648
5.333333333333333 504 648
5.416666666666667 486 648
5.5 493 648
5.583333333333333 497 648
5.666666666666667 514 648
5.75 505 648
5.833333333333333 498 648
5.916666666666667 523 648
6.0 546 648
6.083333333333333 499 648
6.166666666666667 504 648
6.25 499 648
6.333333333333333 493 648
6.416666666666667 492 648
6.5 482 648
6.583333333333333 474 648
6.666666666666667 501 648
6.75 517 648
6.833333333333333 541 648
6.916666666666667 522 648
7.0 545 648
7.083333333333333 551 648
7.166666666666667 541 648
7.25 531 648
7.333333333333333 552 648
7.416666666666667 560 648
7.5 514 648
7.583333333333333 513 648
7.666666666666667 511 648
7.75 518 648
7.833333333333333 536 648
7.916666666666667 506 648
8.0 505 648
8.083333333333334 509 648
8.166666666666666 523 648
8.25 569 648
8.333333333333334 559 648
8.416666666666666 561 648
8.5 516 648
8.583333333333334 523 648
8.666666666666666 513 648
8.75 519 648
8.833333333333334 516 648
8.916666666666666 556 648
9.0 539 648
9.083333333333334 545 648
9.166666666666666 543 648
9.25 516 648
9.333333333333334 531 648
9.416666666666666 543 648
9.5 526 648
9.583333333333334 553 648
9.666666666666666 532 648
9.75 573 648
9.833333333333334 585 648
9.916666666666666 559 648
10.0 577 648
10.083333333333334 552 648
10.166666666666666 560 648
10.25 562 648
10.333333333333334 545 648
10.416666666666666 569 648
10.5 623 648
10.583333333333334 573 648
10.666666666666666 637 648
10.75 624 648
10.833333333333334 639 648
10.916666666666666 680 648
11.0 592 648
11.083333333333334 639 648
11.166666666666666 596 648
11.25 584 648
11.333333333333334 635 648
11.416666666666666 639 648
11.5 604 648
11.583333333333334 608 648
11.666666666666666 586 648
11.75 709 648
11.833333333333334 808 648
11.916666666666666 806 648
12.0 750 648
12.083333333333334 817 648
12.166666666666666 744 648
12.25 828 648
12.333333333333334 1012 648
12.416666666666666 996 648
12.5 861 648
12.583333333333334 823 648
12.666666666666666 922 648
12.75 1073 648
12.833333333333334 1029 648
12.916666666666666 894 648
13.0 950 648
13.083333333333334 978 648
13.166666666666666 909 648
13.25 947 648
13.333333333333334 1026 648
13.416666666666666 993 648
13.5 1080 648
13.583333333333334 858 648
13.666666666666666 832 648
13.75 863 648
13.833333333333334 865 648
13.916666666666666 1068 648
14.0 969 648
14.083333333333334 943 648
14.166666666666666 976 648
14.25 895 648
14.333333333333334 883 648
14.416666666666666 884 648
14.5 897 648
14.583333333333334 826 648
14.666666666666666 956 648
14.75 785 648
14.833333333333334 825 648
14.916666666666666 919 648
15.0 824 648
15.083333333333334 833 648
15.166666666666666 889 648
15.25 858 648
15.333333333333334 960 648
15.416666666666666 840 648
15.5 886 648
15.583333333333334 935 648
15.666666666666666 944 648
15.75 993 648
15.833333333333334 936 648
15.916666666666666 980 648
16.0 976 648
16.083333333333332 945 648
16.166666666666668 975 648
16.25 939 648
16.333333333333332 936 648
16.416666666666668 920 648
16.5 807 648
16.583333333333332 858 648
16.666666666666668 955 648
16.75 958 648
16.833333333333332 820 648
16.916666666666668 908 648
17.0 978 648
17.083333333333332 872 648
17.166666666666668 901 648
17.25 920 648
17.333333333333332 994 648
17.416666666666668 944 648
17.5 902 648
17.583333333333332 930 648
17.666666666666668 953 648
17.75 929 648
17.833333333333332 972 648
17.916666666666668 836 648
18.0 866 648
18.083333333333332 1012 648
18.166666666666668 888 648
18.25 739 648
18.333333333333332 775 648
18.416666666666668 780 648
18.5 947 648
18.583333333333332 918 858
18.666666666666668 889 648
18.75 946 858
18.833333333333332 831 648
18.916666666666668 911 648
19.0 900 648
19.083333333333332 871 648
19.166666666666668 879 648
19.25 917 648
19.333333333333332 925 648
19.416666666666668 981 648
19.5 1082 648
19.583333333333332 1039 648
19.666666666666668 995 648
19.75 993 648
19.833333333333332 948 648
19.916666666666668 848 648
20.0 759 648
20.083333333333332 831 648
20.166666666666668 805 648
20.25 870 648
20.333333333333332 903 648
20.416666666666668 906 648
20.5 918 648
20.583333333333332 831 648
20.666666666666668 916 648
20.75 827 648
20.833333333333332 836 648
20.916666666666668 812 648
21.0 706 648
21.083333333333332 826 648
21.166666666666668 777 648
21.25 799 648
21.333333333333332 795 858
21.416666666666668 828 648
21.5 772 648
21.583333333333332 757 648
21.666666666666668 615 648
21.75 583 648
21.833333333333332 574 648
21.916666666666668 559 648
22.0 551 648
22.083333333333332 531 648
22.166666666666668 562 648
22.25 577 648
22.333333333333332 547 648
22.416666666666668 536 648
22.5 557 648
22.583333333333332 534 648
22.666666666666668 558 648
22.75 534 648
22.833333333333332 520 648
22.916666666666668 554 648
23.0 553 648
23.083333333333332 530 648
23.166666666666668 522 648
23.25 519 648
23.333333333333332 498 648
23.416666666666668 498 648
23.5 500 648
23.583333333333332 520 648
23.666666666666668 515 648
23.75 501 648
23.833333333333332 490 648
23.916666666666668 494 648
