0.0 528 648
0.25 488 648
0.5 508 648
0.75 524 648
1.0 515 648
1.25 513 648
1.5 489 648
1.75 485 648
2.0 509 648
2.25 508 648
2.5 493 648
2.75 481 648
3.0 490 648
3.25 498 648
3.5 488 648
3.75 509 648
4.0 479 648
4.25 467 648
4.5 479 648
4.75 472 648
5.0 485 648
5.25 473 648
5.5 500 648
5.75 498 648
6.0 549 648
6.25 559 648
6.5 684 648
6.75 780 648
7.0 854 648
7.25 831 648
7.5 865 648
7.75 943 648
8.0 944 648
8.25 1026 648
8.5 1311 648
8.75 987 648
9.0 863 648
9.25 803 648
9.5 999 648
9.75 992 648
10.0 1156 648
10.25 1225 648
10.5 1097 648
10.75 1131 648
11.0 974 648
11.25 976 648
11.5 902 648
11.75 867 648
12.0 1023 648
12.25 829 648
12.5 1107 648
12.75 1009 648
13.0 914 648
13.25 892 648
13.5 788 648
13.75 1085 648
14.0 1011 648
14.25 1015 648
14.5 1004 648
14.75 1099 648
15.0 1141 648
15.25 1165 648
15.5 1261 648
15.75 1027 648
16.0 1226 648
16.25 1023 648
16.5 1109 648
16.75 944 648
17.0 972 648
17.25 952 648
17.5 857 648
17.75 817 648
18.0 844 648
18.25 760 648
18.5 844 648
18.75 731 648
19.0 756 648
19.25 796 648
19.5 729 648
19.75 651 648
20.0 731 711
20.25 609 648
20.5 859 648
20.75 731 648
21.0 587 648
21.25 599 648
21.5 543 648
21.75 579 648
22.0 538 648
22.25 568 648
22.5 542 648
22.75 564 648
23.0 590 648
23.25 530 648
23.5 502 648
23.75 549 648
