12.0 1012 648
12.25 942 648
12.5 1194 648
12.75 1139 648
13.0 1100 648
13.25 1024 648
13.5 1028 648
13.75 1044 648
14.0 1139 648
14.25 1108 648
14.5 1192 648
14.75 1179 648
15.0 1308 648
15.25 1282 648
15.5 1524 648
15.75 1269 986
16.0 1373 648
16.25 1269 648
16.5 1406 648
16.75 1233 648
17.0 1368 648
17.25 1393 648
17.5 1110 648
17.75 898 648
18.0 741 648
18.25 668 648
18.5 652 648
18.75 612 648
19.0 737 648
19.25 932 648
19.5 953 648
19.75 677 648
20.0 608 648
20.25 706 648
20.5 631 648
20.75 599 648
21.0 598 648
21.25 587 648
21.5 554 648
21.75 561 648
22.0 521 648
22.25 532 648
22.5 524 648
22.75 517 648
23.0 532 648
23.25 563 648
23.5 555 648
23.75 508 648
