0.0 267 317
0.25 268 317
0.5 291 317
0.75 276 317
1.0 269 317
1.25 262 317
1.5 318 317
1.75 299 317
2.0 292 317
2.25 312 317
2.5 296 317
2.75 289 317
3.0 264 317
3.25 263 317
3.5 268 317
3.75 260 317
4.0 299 317
4.25 287 317
4.5 277 317
4.75 279 317
5.0 271 317
5.25 284 317
5.5 296 317
5.75 277 317
6.0 280 317
6.25 274 317
6.5 297 317
6.75 366 317
7.0 306 317
7.25 333 317
7.5 358 317
7.75 386 317
8.0 366 317
8.25 339 317
8.5 370 317
8.75 490 317
9.0 410 317
9.25 363 317
9.5 395 317
9.75 346 317
10.0 462 317
10.25 316 317
10.5 312 317
10.75 346 317
11.0 336 317
11.25 368 317
11.5 343 317
11.75 388 317
12.0 363 317
12.25 327 317
12.5 328 317
12.75 343 317
13.0 339 317
13.25 403 317
13.5 359 317
13.75 406 317
14.0 345 317
14.25 366 317
14.5 424 317
14.75 493 317
15.0 584 317
15.25 679 317
15.5 602 317
15.75 818 625
16.0 704 572
16.25 710 317
16.5 674 622
16.75 758 317
17.0 711 317
17.25 573 317
17.5 549 317
17.75 366 317
18.0 417 317
18.25 298 317
18.5 381 317
18.75 349 317
19.0 301 317
19.25 347 317
19.5 342 317
19.75 359 317
20.0 315 317
20.25 313 317
20.5 352 317
20.75 321 317
21.0 299 317
21.25 313 317
21.5 304 317
21.75 288 317
22.0 270 317
22.25 310 317
22.5 262 317
22.75 294 317
23.0 335 317
23.25 306 317
23.5 270 317
23.75 281 317
