12.616666666666667 355 311
12.7 321 311
12.75 341 311
12.783333333333333 335 311
12.866666666666667 307 311
12.916666666666666 318 311
12.95 322 311
13.0 305 311
13.05 324 311
13.1 344 311
13.166666666666666 358 311
13.2 367 311
13.233333333333333 346 311
13.266666666666667 308 311
13.3 354 311
13.333333333333334 363 311
13.35 353 311
13.366666666666667 389 311
13.433333333333334 357 311
13.5 354 311
13.566666666666666 354 311
13.616666666666667 374 311
13.666666666666666 344 311
13.683333333333334 350 311
13.75 342 311
13.85 355 311
13.866666666666667 379 311
13.95 350 311
13.983333333333333 334 311
14.0 385 311
14.05 384 311
14.1 411 311
14.133333333333333 409 311
14.2 356 311
14.25 364 311
14.3 375 311
14.383333333333333 325 311
14.433333333333334 347 311
14.483333333333333 333 311
14.5 416 311
14.55 455 311
14.566666666666666 450 311
14.616666666666667 392 311
14.666666666666666 435 311
14.733333333333333 404 311
14.833333333333334 381 311
14.85 481 311
14.883333333333333 336 311
14.966666666666667 381 311
15.05 460 311
15.1 367 311
15.116666666666667 371 311
15.166666666666666 393 311
15.233333333333333 441 311
15.283333333333333 486 311
15.3 440 311
15.366666666666667 499 311
15.416666666666666 589 311
15.45 648 311
15.483333333333333 623 311
15.516666666666667 671 311
15.55 587 311
15.583333333333334 579 311
15.6 495 311
15.683333333333334 579 311
15.683333333333334 638 311
15.75 667 311
15.766666666666667 603 311
15.8 634 311
15.866666666666667 596 311
15.883333333333333 592 311
15.966666666666667 543 311
16.05 510 311
16.1 519 311
16.166666666666668 523 311
16.233333333333334 565 311
16.3 425 311
16.316666666666666 416 311
16.4 348 311
16.483333333333334 384 311
16.516666666666666 361 311
