0.0 308 317
0.25 306 317
0.5 287 317
0.75 310 317
1.0 290 317
1.25 303 317
1.5 271 317
1.75 301 317
2.0 299 317
2.25 270 317
2.5 287 317
2.75 316 317
3.0 297 317
3.25 274 317
3.5 269 317
3.75 272 317
4.0 278 317
4.25 315 317
4.5 288 317
4.75 319 317
5.0 267 317
5.25 291 317
5.5 316 317
5.75 312 317
6.0 263 317
6.25 270 317
6.5 273 317
6.75 262 317
7.0 303 317
7.25 307 317
7.5 268 317
7.75 326 317
8.0 274 317
8.25 279 317
8.5 296 317
8.75 320 317
9.0 333 317
9.25 355 317
9.5 329 317
9.75 386 317
10.0 357 317
10.25 380 317
10.5 350 317
10.75 465 317
11.0 417 317
11.25 351 317
11.5 319 317
11.75 441 317
12.0 496 317
12.25 374 317
12.5 393 317
12.75 419 317
13.0 404 317
13.25 404 317
13.5 527 317
13.75 315 317
14.0 373 317
14.25 390 317
14.5 499 317
14.75 460 317
15.0 388 317
15.25 299 317
15.5 311 317
15.75 300 317
16.0 298 317
16.25 315 317
16.5 318 317
16.75 312 317
17.0 290 317
17.25 308 317
17.5 328 317
17.75 325 317
18.0 278 317
18.25 296 317
18.5 333 317
18.75 293 317
19.0 271 317
19.25 286 317
19.5 304 317
19.75 291 317
20.0 346 317
20.25 292 317
20.5 325 317
20.75 264 317
20.916666666666668 296 317
21.0 283 317
21.083333333333332 290 317
21.166666666666668 296 317
21.25 272 317
21.333333333333332 278 317
21.416666666666668 275 317
21.5 289 317
21.583333333333332 307 317
21.666666666666668 301 317
21.75 274 317
21.833333333333332 298 317
21.916666666666668 296 317
22.0 291 317
22.083333333333332 286 317
22.166666666666668 280 317
22.25 303 317
22.333333333333332 287 317
22.416666666666668 299 317
22.5 329 317
22.583333333333332 283 317
22.666666666666668 294 317
22.75 275 317
22.833333333333332 266 317
22.916666666666668 262 317
23.0 274 317
23.083333333333332 283 317
23.166666666666668 312 317
23.25 286 317
23.333333333333332 289 317
23.416666666666668 294 317
23.5 287 317
23.583333333333332 357 317
23.666666666666668 304 317
23.75 289 317
23.833333333333332 301 317
23.916666666666668 323 317
