0.0 307 317
0.08333333333333333 312 317
0.16666666666666666 291 317
0.25 266 317
0.3333333333333333 263 317
0.4166666666666667 273 317
0.5 276 317
0.5833333333333334 280 317
0.6666666666666666 269 317
0.75 279 317
0.8333333333333334 288 317
0.9166666666666666 259 317
1.0 274 317
1.0833333333333333 293 317
1.1666666666666667 265 317
1.25 263 317
1.3333333333333333 294 317
1.4166666666666667 303 317
1.5 293 317
1.5833333333333335 283 317
1.6666666666666665 272 317
1.75 287 317
1.8333333333333335 269 317
1.9166666666666665 293 317
2.0 291 317
2.0833333333333335 289 317
2.1666666666666665 298 317
2.25 283 317
2.3333333333333335 318 317
2.4166666666666665 302 317
2.5 290 317
2.5833333333333335 309 317
2.6666666666666665 287 317
2.75 271 317
2.8333333333333335 289 317
2.9166666666666665 274 317
3.0 267 317
3.0833333333333335 264 317
3.1666666666666665 279 317
3.25 278 317
3.3333333333333335 262 317
3.4166666666666665 264 317
3.5 286 317
3.5833333333333335 324 317
3.6666666666666665 346 317
3.75 298 317
3.8333333333333335 291 317
3.9166666666666665 285 317
4.0 281 317
4.083333333333333 265 317
4.166666666666667 264 317
4.25 279 317
4.333333333333333 274 317
4.416666666666667 294 317
4.5 293 317
4.583333333333333 269 317
4.666666666666667 260 317
4.75 256 317
4.833333333333333 256 317
4.916666666666667 266 317
5.0 289 317
5.083333333333333 262 317
5.166666666666667 268 317
5.25 274 317
5.333333333333333 267 317
5.416666666666667 273 317
5.5 274 317
5.583333333333333 279 317
5.666666666666667 299 317
5.75 283 317
5.833333333333333 276 317
5.916666666666667 285 317
6.0 284 317
6.083333333333333 275 317
6.166666666666667 272 317
6.25 271 317
6.333333333333333 273 317
6.416666666666667 277 317
6.5 269 317
6.583333333333333 285 317
6.666666666666667 285 317
6.75 309 317
6.833333333333333 305 317
6.916666666666667 286 317
7.0 295 317
7.083333333333333 335 317
7.166666666666667 335 317
7.25 328 317
7.333333333333333 295 317
7.416666666666667 279 317
7.5 281 317
7.583333333333333 265 317
7.666666666666667 262 317
7.75 313 317
7.833333333333333 303 317
7.916666666666667 271 317
8.0 282 317
8.083333333333334 286 317
8.166666666666666 269 317
8.25 289 317
8.333333333333334 283 317
8.416666666666666 271 317
8.5 294 317
8.583333333333334 313 317
8.666666666666666 311 317
8.75 315 317
8.833333333333334 278 317
8.916666666666666 296 317
9.0 299 317
9.083333333333334 334 317
9.166666666666666 281 317
9.25 272 317
9.333333333333334 278 317
9.416666666666666 271 317
9.5 287 317
9.583333333333334 282 317
9.666666666666666 308 317
9.75 339 317
9.833333333333334 334 317
9.916666666666666 290 317
10.0 311 317
10.083333333333334 301 317
10.166666666666666 282 317
10.25 269 317
10.333333333333334 271 317
10.416666666666666 279 317
10.5 322 317
10.583333333333334 291 317
10.666666666666666 282 317
10.75 283 317
10.833333333333334 348 317
10.916666666666666 395 317
11.0 308 317
11.083333333333334 279 317
11.166666666666666 312 317
11.25 311 317
11.333333333333334 338 317
11.416666666666666 291 317
11.5 311 317
11.583333333333334 290 317
11.666666666666666 288 317
11.75 328 317
11.833333333333334 315 317
11.916666666666666 308 317
12.0 339 317
12.083333333333334 332 317
12.166666666666666 289 317
12.25 355 317
12.333333333333334 347 317
12.416666666666666 333 317
12.5 341 317
12.583333333333334 307 317
12.666666666666666 305 317
12.75 326 317
12.833333333333334 316 317
12.916666666666666 288 317
13.0 301 317
13.083333333333334 310 317
13.166666666666666 310 317
13.25 339 317
13.333333333333334 309 317
13.416666666666666 345 317
13.5 303 317
13.583333333333334 312 317
13.666666666666666 293 317
13.75 298 317
13.833333333333334 301 317
13.916666666666666 302 317
14.0 322 317
14.083333333333334 351 317
14.166666666666666 357 317
14.25 484 317
14.333333333333334 589 317
14.416666666666666 485 317
14.5 412 317
14.583333333333334 468 317
14.666666666666666 470 317
14.75 400 317
14.833333333333334 413 317
14.916666666666666 324 317
15.0 310 317
15.083333333333334 304 317
15.166666666666666 325 317
15.25 319 317
15.333333333333334 306 317
15.416666666666666 339 317
15.5 351 317
15.583333333333334 334 317
15.666666666666666 320 317
15.75 353 317
15.833333333333334 345 317
15.916666666666666 300 317
16.0 306 317
16.083333333333332 301 317
16.166666666666668 312 317
16.25 310 317
16.333333333333332 340 317
16.416666666666668 364 317
16.5 349 317
16.583333333333332 295 317
16.666666666666668 330 317
16.75 331 317
16.833333333333332 292 317
16.916666666666668 285 317
17.0 319 317
17.083333333333332 316 317
17.166666666666668 282 317
17.25 288 317
17.333333333333332 287 317
17.416666666666668 334 317
17.5 310 317
17.583333333333332 305 317
17.666666666666668 307 317
17.75 307 317
17.833333333333332 323 317
17.916666666666668 307 317
18.0 300 317
18.083333333333332 287 317
18.166666666666668 291 317
18.25 295 317
18.333333333333332 326 317
18.416666666666668 306 317
18.5 289 317
18.583333333333332 284 317
18.666666666666668 287 317
18.75 304 317
18.833333333333332 300 317
18.916666666666668 280 317
19.0 375 317
19.083333333333332 298 317
19.166666666666668 305 317
19.25 366 317
19.333333333333332 302 317
19.416666666666668 329 317
19.5 355 317
19.583333333333332 282 317
19.666666666666668 307 317
19.75 291 317
19.833333333333332 288 317
19.916666666666668 287 317
20.0 340 317
20.083333333333332 348 317
20.166666666666668 358 317
20.25 308 317
20.333333333333332 362 317
20.416666666666668 296 317
20.5 299 317
20.583333333333332 312 317
20.666666666666668 279 317
20.75 296 317
20.833333333333332 281 317
20.916666666666668 374 317
21.0 314 317
21.083333333333332 346 317
21.166666666666668 286 317
21.25 306 317
21.333333333333332 314 317
21.416666666666668 315 317
21.5 367 317
21.583333333333332 340 317
21.666666666666668 321 317
21.75 289 317
21.833333333333332 280 317
21.916666666666668 276 317
22.0 328 317
22.083333333333332 285 317
22.166666666666668 279 317
22.25 276 317
22.333333333333332 278 317
22.416666666666668 286 317
22.5 309 317
22.583333333333332 278 317
22.666666666666668 281 317
22.75 271 317
22.833333333333332 275 317
22.916666666666668 277 317
23.0 269 317
23.083333333333332 288 317
23.166666666666668 285 317
23.25 321 317
23.333333333333332 288 317
23.416666666666668 291 317
23.5 292 317
23.583333333333332 264 317
23.666666666666668 254 317
23.75 256 317
23.833333333333332 263 317
23.916666666666668 274 317
