0.0 302 317
0.25 272 317
0.5 293 317
0.75 283 317
1.0 305 317
1.25 268 317
1.5 280 317
1.75 270 317
2.0 252 317
2.25 258 317
2.5 265 317
2.75 267 317
3.0 251 317
3.25 272 317
3.5 268 317
3.75 287 317
4.0 285 317
4.25 278 317
4.5 285 317
4.75 288 317
5.0 281 317
5.25 271 317
5.5 283 317
5.75 272 317
6.0 284 317
6.25 288 317
6.5 325 317
6.75 327 317
7.0 383 317
7.25 337 317
7.5 345 317
7.75 341 317
8.0 358 317
8.25 331 317
8.5 438 317
8.75 363 317
9.0 439 317
9.25 371 317
9.5 379 317
9.75 329 317
10.0 363 317
10.25 364 317
10.5 416 317
10.75 385 317
11.0 365 317
11.25 386 317
11.5 345 317
11.75 412 317
12.0 391 317
12.25 340 317
12.5 355 317
12.75 319 317
13.0 337 317
13.25 371 317
13.5 340 317
13.75 318 317
14.0 350 317
14.25 368 317
14.5 392 317
14.75 353 317
15.0 377 317
15.25 481 317
15.5 451 317
15.75 412 317
16.0 607 317
16.25 540 317
16.5 460 317
16.75 427 317
17.0 448 317
17.25 383 317
17.5 358 317
17.75 377 317
18.0 449 317
18.25 319 317
18.5 450 317
18.75 390 317
19.0 341 317
19.25 352 317
19.5 424 317
19.75 337 317
20.0 288 317
20.25 324 317
20.5 455 317
20.75 593 317
21.0 367 317
21.25 295 317
21.5 301 317
21.75 304 317
22.0 286 317
22.25 288 317
22.5 273 317
22.75 322 317
23.0 324 317
23.25 267 317
23.5 278 317
23.75 273 317
