12.0 362 317
12.25 380 317
12.5 405 317
12.75 502 317
13.0 418 317
13.25 373 317
13.5 415 317
13.75 408 317
14.0 353 317
14.25 353 317
14.5 393 317
14.75 459 317
15.0 513 317
15.25 547 317
15.5 740 317
15.75 801 591
16.0 808 601
16.25 704 601
16.5 682 603
16.75 874 317
17.0 670 317
17.25 524 317
17.5 399 317
17.75 414 317
18.0 364 317
18.25 369 317
18.5 350 317
18.75 327 317
19.0 329 317
19.25 371 317
19.5 321 317
19.75 329 317
20.0 306 317
20.25 327 317
20.5 344 317
20.75 315 317
21.0 356 317
21.25 289 317
21.5 289 317
21.75 314 317
22.0 267 317
22.25 292 317
22.5 309 317
22.75 265 317
23.0 262 317
23.25 319 317
23.5 284 317
23.75 281 317
