0.0 497 612
0.25 485 612
0.5 465 612
0.75 483 612
1.0 481 612
1.25 453 612
1.5 505 612
1.75 498 612
2.0 496 612
2.25 478 612
2.5 490 612
2.75 511 612
3.0 469 612
3.25 455 612
3.5 449 612
3.75 466 612
4.0 509 612
4.25 491 612
4.5 481 612
4.75 505 612
5.0 492 612
5.25 492 612
5.5 513 612
5.75 482 612
6.0 552 612
6.25 513 612
6.5 570 612
6.75 794 612
7.0 670 612
7.25 776 612
7.5 739 612
7.75 775 612
8.0 953 612
8.25 894 612
8.5 801 612
8.75 1054 612
9.0 914 612
9.25 765 612
9.5 882 612
9.75 798 612
10.0 878 612
10.25 994 612
10.5 764 612
10.75 801 612
11.0 918 612
11.25 833 612
11.5 818 612
11.75 924 612
12.0 906 612
12.25 962 612
12.5 879 612
12.75 873 612
13.0 779 612
13.25 908 612
13.5 815 612
13.75 842 612
14.0 907 612
14.25 974 612
14.5 977 612
14.75 1061 612
15.0 1264 612
15.25 1162 612
15.5 1073 723
15.75 1155 723
16.0 1056 723
16.25 1127 723
16.5 1182 723
16.75 1036 837
17.0 1161 612
17.25 1057 612
17.5 1111 612
17.75 1029 612
18.0 880 612
18.25 743 612
18.5 914 612
18.75 796 612
19.0 715 612
19.25 734 612
19.5 716 612
19.75 685 612
20.0 630 612
20.25 653 612
20.5 600 612
20.75 591 612
21.0 560 612
21.25 560 612
21.5 569 612
21.75 550 612
22.0 534 612
22.25 557 612
22.5 522 612
22.75 513 612
23.0 558 612
23.25 505 612
23.5 506 612
23.75 513 612
