12.616666666666667 873 609
12.7 734 609
12.75 760 609
12.783333333333333 816 609
12.866666666666667 856 609
12.916666666666666 732 609
12.95 874 609
13.0 748 609
13.05 789 609
13.1 844 609
13.166666666666666 868 609
13.2 867 609
13.233333333333333 822 684
13.266666666666667 931 609
13.3 923 609
13.333333333333334 890 609
13.35 952 609
13.366666666666667 883 609
13.433333333333334 803 609
13.5 771 609
13.566666666666666 866 609
13.616666666666667 916 609
13.666666666666666 873 609
13.683333333333334 887 609
13.75 1063 609
13.85 846 609
13.866666666666667 899 609
13.95 798 609
13.983333333333333 912 609
14.0 900 609
14.05 940 609
14.1 924 609
14.133333333333333 918 609
14.2 887 609
14.25 1015 609
14.3 847 609
14.383333333333333 879 609
14.433333333333334 901 609
14.483333333333333 836 609
14.5 902 609
14.55 959 609
14.566666666666666 941 609
14.616666666666667 860 609
14.666666666666666 907 609
14.733333333333333 957 609
14.833333333333334 951 609
14.85 1043 609
14.883333333333333 930 609
14.966666666666667 867 609
15.05 998 609
15.1 932 609
15.116666666666667 973 609
15.166666666666666 1011 609
15.233333333333333 1147 609
15.283333333333333 1147 609
15.3 1139 609
15.366666666666667 1115 609
15.416666666666666 1170 609
15.45 1280 609
15.483333333333333 1171 609
15.516666666666667 1189 609
15.55 1141 609
15.583333333333334 1064 609
15.6 1002 609
15.683333333333334 1126 609
15.683333333333334 1225 609
15.75 1299 609
15.766666666666667 1203 609
15.8 1257 609
15.866666666666667 1162 609
15.883333333333333 1149 609
15.966666666666667 1066 609
16.05 1057 609
16.1 1219 609
16.166666666666668 1242 609
16.233333333333334 1179 609
16.3 988 609
16.316666666666666 1022 609
16.4 984 609
16.483333333333334 940 609
16.516666666666666 1012 609
