0.0 545 612
0.25 567 612
0.5 532 612
0.75 537 612
1.0 531 612
1.25 541 612
1.5 484 612
1.75 477 612
2.0 500 612
2.25 483 612
2.5 526 612
2.75 517 612
3.0 523 612
3.25 494 612
3.5 474 612
3.75 491 612
4.0 473 612
4.25 490 612
4.5 483 612
4.75 493 612
5.0 497 612
5.25 501 612
5.5 499 612
5.75 504 612
6.0 481 612
6.25 473 612
6.5 477 612
6.75 488 612
7.0 499 612
7.25 480 612
7.5 523 612
7.75 583 612
8.0 526 612
8.25 552 612
8.5 594 612
8.75 647 612
9.0 627 612
9.25 714 612
9.5 769 612
9.75 775 612
10.0 729 612
10.25 813 612
10.5 737 612
10.75 928 612
11.0 781 612
11.25 798 612
11.5 732 612
11.75 968 612
12.0 999 612
12.25 821 612
12.5 821 612
12.75 1005 612
13.0 983 612
13.25 884 612
13.5 994 612
13.75 928 612
14.0 919 612
14.25 982 612
14.5 1004 612
14.75 983 612
15.0 827 612
15.25 653 612
15.5 681 612
15.75 686 612
16.0 697 612
16.25 709 612
16.5 693 612
16.75 818 612
17.0 690 612
17.25 700 612
17.5 684 612
17.75 631 612
18.0 604 612
18.25 638 612
18.5 758 612
18.75 730 612
19.0 712 612
19.25 702 612
19.5 619 612
19.75 594 612
20.0 598 612
20.25 564 612
20.5 545 612
20.75 544 612
20.916666666666668 540 612
21.0 574 612
21.083333333333332 567 612
21.166666666666668 567 612
21.25 521 612
21.333333333333332 608 612
21.416666666666668 588 612
21.5 587 612
21.583333333333332 618 612
21.666666666666668 574 612
21.75 543 612
21.833333333333332 534 612
21.916666666666668 537 612
22.0 537 612
22.083333333333332 563 612
22.166666666666668 523 612
22.25 561 612
22.333333333333332 575 612
22.416666666666668 568 612
22.5 552 612
22.583333333333332 510 612
22.666666666666668 536 612
22.75 521 612
22.833333333333332 521 612
22.916666666666668 526 612
23.0 518 612
23.083333333333332 500 612
23.166666666666668 514 612
23.25 528 612
23.333333333333332 485 612
23.416666666666668 518 612
23.5 479 612
23.583333333333332 546 612
23.666666666666668 524 612
23.75 523 612
23.833333333333332 495 612
23.916666666666668 529 612
