0.0 492 612
0.08333333333333333 500 612
0.16666666666666666 510 612
0.25 508 612
0.3333333333333333 481 612
0.4166666666666667 466 612
0.5 501 612
0.5833333333333334 523 612
0.6666666666666666 486 612
0.75 482 612
0.8333333333333334 504 612
0.9166666666666666 492 612
1.0 494 612
1.0833333333333333 510 612
1.1666666666666667 459 612
1.25 466 612
1.3333333333333333 541 612
1.4166666666666667 484 612
1.5 501 612
1.5833333333333335 494 612
1.6666666666666665 515 612
1.75 470 612
1.8333333333333335 480 612
1.9166666666666665 518 612
2.0 483 612
2.0833333333333335 492 612
2.1666666666666665 495 612
2.25 512 612
2.3333333333333335 499 612
2.4166666666666665 484 612
2.5 468 612
2.5833333333333335 504 612
2.6666666666666665 519 612
2.75 490 612
2.8333333333333335 479 612
2.9166666666666665 485 612
3.0 480 612
3.0833333333333335 480 612
3.1666666666666665 496 612
3.25 503 612
3.3333333333333335 476 612
3.4166666666666665 475 612
3.5 490 612
3.5833333333333335 481 612
3.6666666666666665 531 612
3.75 510 612
3.8333333333333335 487 612
3.9166666666666665 508 612
4.0 494 612
4.083333333333333 479 612
4.166666666666667 466 612
4.25 474 612
4.333333333333333 488 612
4.416666666666667 486 612
4.5 556 612
4.583333333333333 491 612
4.666666666666667 480 612
4.75 487 612
4.833333333333333 476 612
4.916666666666667 473 612
5.0 488 612
5.083333333333333 462 612
5.166666666666667 467 612
5.25 476 612
5.333333333333333 487 612
5.416666666666667 488 612
5.5 473 612
5.583333333333333 493 612
5.666666666666667 480 612
5.75 496 612
5.833333333333333 466 612
5.916666666666667 472 612
6.0 471 612
6.083333333333333 478 612
6.166666666666667 484 612
6.25 477 612
6.333333333333333 497 612
6.416666666666667 480 612
6.5 475 612
6.583333333333333 501 612
6.666666666666667 479 612
6.75 467 612
6.833333333333333 462 612
6.916666666666667 520 612
7.0 511 612
7.083333333333333 510 612
7.166666666666667 513 612
7.25 501 612
7.333333333333333 480 612
7.416666666666667 522 612
7.5 477 612
7.583333333333333 473 612
7.666666666666667 456 612
7.75 514 612
7.833333333333333 520 612
7.916666666666667 483 612
8.0 507 612
8.083333333333334 501 612
8.166666666666666 487 612
8.25 534 612
8.333333333333334 530 612
8.416666666666666 582 612
8.5 508 612
8.583333333333334 514 612
8.666666666666666 513 612
8.75 540 612
8.833333333333334 512 612
8.916666666666666 549 612
9.0 558 612
9.083333333333334 540 612
9.166666666666666 515 612
9.25 512 612
9.333333333333334 543 612
9.416666666666666 563 612
9.5 552 612
9.583333333333334 547 612
9.666666666666666 559 612
9.75 539 612
9.833333333333334 515 612
9.916666666666666 550 612
10.0 532 612
10.083333333333334 531 612
10.166666666666666 549 612
10.25 531 612
10.333333333333334 515 612
10.416666666666666 531 612
10.5 617 612
10.583333333333334 616 612
10.666666666666666 560 612
10.75 596 612
10.833333333333334 591 612
10.916666666666666 676 612
11.0 580 612
11.083333333333334 552 612
11.166666666666666 658 612
11.25 599 612
11.333333333333334 624 612
11.416666666666666 617 612
11.5 602 612
11.583333333333334 583 612
11.666666666666666 559 612
11.75 718 612
11.833333333333334 739 612
11.916666666666666 688 612
12.0 638 612
12.083333333333334 720 612
12.166666666666666 634 612
12.25 886 612
12.333333333333334 777 612
12.416666666666666 827 612
12.5 780 612
12.583333333333334 772 612
12.666666666666666 750 612
12.75 865 612
12.833333333333334 831 612
12.916666666666666 714 612
13.0 770 612
13.083333333333334 808 612
13.166666666666666 748 612
13.25 732 612
13.333333333333334 781 612
13.416666666666666 779 612
13.5 809 612
13.583333333333334 838 612
13.666666666666666 761 612
13.75 713 612
13.833333333333334 772 612
13.916666666666666 1081 612
14.0 1091 612
14.083333333333334 1255 612
14.166666666666666 1288 612
14.25 1008 878
14.333333333333334 973 816
14.416666666666666 1020 612
14.5 887 612
14.583333333333334 866 612
14.666666666666666 892 612
14.75 865 612
14.833333333333334 897 612
14.916666666666666 846 612
15.0 726 612
15.083333333333334 766 612
15.166666666666666 737 612
15.25 884 612
15.333333333333334 872 612
15.416666666666666 797 612
15.5 739 612
15.583333333333334 712 612
15.666666666666666 658 612
15.75 705 612
15.833333333333334 811 612
15.916666666666666 767 612
16.0 816 612
16.083333333333332 771 612
16.166666666666668 923 612
16.25 898 612
16.333333333333332 872 612
16.416666666666668 820 612
16.5 773 612
16.583333333333332 763 612
16.666666666666668 769 612
16.75 813 612
16.833333333333332 809 612
16.916666666666668 838 612
17.0 785 612
17.083333333333332 757 612
17.166666666666668 689 612
17.25 836 612
17.333333333333332 853 612
17.416666666666668 778 612
17.5 843 612
17.583333333333332 787 612
17.666666666666668 790 612
17.75 728 612
17.833333333333332 815 612
17.916666666666668 776 612
18.0 751 612
18.083333333333332 780 612
18.166666666666668 727 612
18.25 676 612
18.333333333333332 692 612
18.416666666666668 696 612
18.5 726 612
18.583333333333332 761 612
18.666666666666668 767 612
18.75 766 612
18.833333333333332 715 612
18.916666666666668 744 612
19.0 841 612
19.083333333333332 710 612
19.166666666666668 647 612
19.25 799 612
19.333333333333332 767 612
19.416666666666668 770 612
19.5 863 612
19.583333333333332 744 612
19.666666666666668 824 612
19.75 794 612
19.833333333333332 724 612
19.916666666666668 657 612
20.0 659 612
20.083333333333332 719 612
20.166666666666668 800 612
20.25 806 612
20.333333333333332 839 612
20.416666666666668 732 612
20.5 729 612
20.583333333333332 648 612
20.666666666666668 763 612
20.75 731 612
20.833333333333332 770 612
20.916666666666668 771 612
21.0 717 612
21.083333333333332 695 612
21.166666666666668 633 612
21.25 686 612
21.333333333333332 684 612
21.416666666666668 655 612
21.5 635 612
21.583333333333332 662 612
21.666666666666668 623 612
21.75 554 612
21.833333333333332 539 612
21.916666666666668 540 612
22.0 595 612
22.083333333333332 552 612
22.166666666666668 548 612
22.25 550 612
22.333333333333332 517 612
22.416666666666668 510 612
22.5 493 612
22.583333333333332 500 612
22.666666666666668 514 612
22.75 490 612
22.833333333333332 484 612
22.916666666666668 479 612
23.0 488 612
23.083333333333332 494 612
23.166666666666668 479 612
23.25 531 612
23.333333333333332 516 612
23.416666666666668 514 612
23.5 502 612
23.583333333333332 484 612
23.666666666666668 469 612
23.75 452 612
23.833333333333332 487 612
23.916666666666668 458 612
