0.0 512 612
0.25 466 612
0.5 477 612
0.75 460 612
1.0 513 612
1.25 451 612
1.5 480 612
1.75 456 612
2.0 458 612
2.25 471 612
2.5 483 612
2.75 489 612
3.0 447 612
3.25 448 612
3.5 453 612
3.75 465 612
4.0 469 612
4.25 476 612
4.5 480 612
4.75 484 612
5.0 505 612
5.25 491 612
5.5 475 612
5.75 506 612
6.0 498 612
6.25 534 612
6.5 635 612
6.75 633 612
7.0 781 612
7.25 688 612
7.5 745 612
7.75 720 612
8.0 763 612
8.25 825 612
8.5 1138 612
8.75 785 612
9.0 950 612
9.25 801 612
9.5 794 612
9.75 776 612
10.0 838 612
10.25 939 612
10.5 932 612
10.75 956 612
11.0 859 612
11.25 898 612
11.5 813 612
11.75 839 612
12.0 835 612
12.25 753 612
12.5 946 612
12.75 885 612
13.0 802 612
13.25 768 612
13.5 765 612
13.75 1004 612
14.0 830 612
14.25 914 612
14.5 913 612
14.75 1011 612
15.0 941 612
15.25 1068 612
15.5 1089 612
15.75 936 612
16.0 1114 612
16.25 1108 612
16.5 1096 612
16.75 939 612
17.0 916 612
17.25 775 612
17.5 797 612
17.75 802 612
18.0 929 612
18.25 763 612
18.5 814 612
18.75 715 612
19.0 690 612
19.25 738 612
19.5 776 612
19.75 728 612
20.0 590 612
20.25 587 612
20.5 744 612
20.75 736 723
21.0 627 612
21.25 583 612
21.5 575 612
21.75 570 612
22.0 529 612
22.25 528 612
22.5 502 612
22.75 545 612
23.0 516 612
23.25 514 612
23.5 507 612
23.75 535 612
