12.0 942 612
12.25 885 612
12.5 996 612
12.75 1055 612
13.0 1175 612
13.25 1140 612
13.5 1004 612
13.75 1014 612
14.0 833 612
14.25 815 612
14.5 933 612
14.75 913 612
15.0 1047 612
15.25 1212 612
15.5 1342 723
15.75 1407 816
16.0 1272 723
16.25 1291 723
16.5 1407 723
16.75 1144 723
17.0 1175 723
17.25 1247 612
17.5 993 612
17.75 861 612
18.0 824 612
18.25 624 612
18.5 655 612
18.75 635 612
19.0 722 612
19.25 752 612
19.5 775 612
19.75 657 612
20.0 573 612
20.25 601 612
20.5 596 612
20.75 597 612
21.0 663 612
21.25 550 612
21.5 558 612
21.75 569 612
22.0 533 612
22.25 516 612
22.5 560 612
22.75 535 612
23.0 506 612
23.25 579 612
23.5 490 612
23.75 508 612
