0.0 210 225
0.25 198 225
0.5 215 225
0.75 194 225
1.0 190 225
1.25 189 225
1.5 214 225
1.75 192 225
2.0 203 225
2.25 184 225
2.5 195 225
2.75 197 225
3.0 201 225
3.25 209 225
3.5 211 225
3.75 195 225
4.0 189 225
4.25 201 225
4.5 211 225
4.75 190 225
5.0 190 225
5.25 187 225
5.5 192 225
5.75 192 225
6.0 194 225
6.25 208 225
6.5 209 225
6.75 202 225
7.0 217 225
7.25 246 225
7.5 214 225
7.75 244 225
8.0 256 225
8.25 225 225
8.5 274 225
8.75 230 225
9.0 239 225
9.25 289 225
9.5 256 225
9.75 238 225
10.0 254 225
10.25 220 225
10.5 255 225
10.75 241 225
11.0 219 225
11.25 237 225
11.5 246 225
11.75 235 225
12.0 231 225
12.25 224 225
12.5 237 225
12.75 266 225
13.0 233 225
13.25 228 225
13.5 257 225
13.75 231 225
14.0 228 225
14.25 249 225
14.5 234 225
14.75 353 225
15.0 302 225
15.25 354 225
15.5 519 225
15.75 623 225
16.0 448 225
16.25 412 225
16.5 488 225
16.75 507 225
17.0 561 225
17.25 567 225
17.5 535 225
17.75 508 225
18.0 418 225
18.25 390 225
18.5 479 225
18.75 589 225
19.0 382 225
19.25 289 225
19.5 245 225
19.75 260 225
20.0 230 225
20.25 226 225
20.5 260 225
20.75 231 225
21.0 210 225
21.25 202 225
21.5 226 225
21.75 283 225
22.0 207 225
22.25 208 225
22.5 214 225
22.75 212 225
23.0 194 225
23.25 202 225
23.5 198 225
23.75 199 225
