12.616666666666667 266 225
12.7 229 225
12.75 248 225
12.783333333333333 271 225
12.866666666666667 251 225
12.916666666666666 226 225
12.95 216 225
13.0 221 225
13.05 253 225
13.1 222 225
13.166666666666666 224 225
13.2 260 225
13.233333333333333 241 225
13.266666666666667 244 225
13.3 227 225
13.333333333333334 274 225
13.35 263 225
13.366666666666667 261 225
13.433333333333334 260 225
13.5 257 225
13.566666666666666 226 225
13.616666666666667 234 225
13.666666666666666 265 225
13.683333333333334 287 225
13.75 245 225
13.85 222 225
13.866666666666667 222 225
13.95 227 225
13.983333333333333 232 225
14.0 275 225
14.05 232 225
14.1 245 225
14.133333333333333 229 225
14.2 227 225
14.25 226 225
14.3 225 225
14.383333333333333 238 225
14.433333333333334 237 225
14.483333333333333 226 225
14.5 233 225
14.55 234 225
14.566666666666666 238 225
14.616666666666667 238 225
14.666666666666666 238 225
14.733333333333333 273 225
14.833333333333334 280 225
14.85 258 225
14.883333333333333 263 225
14.966666666666667 247 225
15.05 262 225
15.1 283 225
15.116666666666667 284 225
15.166666666666666 271 225
15.233333333333333 259 225
15.283333333333333 261 225
15.3 263 225
15.366666666666667 326 225
15.416666666666666 250 225
15.45 267 225
15.483333333333333 268 225
15.516666666666667 258 225
15.55 263 225
15.583333333333334 303 225
15.6 313 225
15.683333333333334 309 225
15.683333333333334 302 225
15.75 336 225
15.766666666666667 356 225
15.8 428 225
15.866666666666667 346 225
15.883333333333333 396 225
15.966666666666667 416 225
16.05 458 225
16.1 375 225
16.166666666666668 385 225
16.233333333333334 404 225
16.3 475 225
16.316666666666666 599 225
16.4 568 225
16.483333333333334 433 225
16.516666666666666 589 225
