0.0 205 225
0.25 200 225
0.5 209 225
0.75 195 225
1.0 195 225
1.25 212 225
1.5 206 225
1.75 201 225
2.0 190 225
2.25 204 225
2.5 206 225
2.75 198 225
3.0 189 225
3.25 190 225
3.5 194 225
3.75 196 225
4.0 218 225
4.25 209 225
4.5 267 225
4.75 201 225
5.0 185 225
5.25 187 225
5.5 186 225
5.75 204 225
6.0 192 225
6.25 232 225
6.5 189 225
6.75 194 225
7.0 194 225
7.25 186 225
7.5 206 225
7.75 196 225
8.0 198 225
8.25 254 225
8.5 212 225
8.75 271 225
9.0 239 225
9.25 234 225
9.5 281 225
9.75 254 225
10.0 237 225
10.25 267 225
10.5 304 225
10.75 351 225
11.0 248 225
11.25 234 225
11.5 232 225
11.75 236 225
12.0 233 225
12.25 250 225
12.5 271 225
12.75 277 225
13.0 263 225
13.25 265 225
13.5 248 225
13.75 239 225
14.0 316 225
14.25 312 225
14.5 368 225
14.75 313 225
15.0 339 225
15.25 337 225
15.5 333 225
15.75 299 225
16.0 285 225
16.25 265 225
16.5 276 225
16.75 325 225
17.0 240 225
17.25 281 225
17.5 244 225
17.75 227 225
18.0 235 225
18.25 225 225
18.5 289 225
18.75 225 225
19.0 274 225
19.25 255 225
19.5 251 225
19.75 232 225
20.0 211 225
20.25 217 225
20.5 217 225
20.75 247 225
20.916666666666668 208 225
21.0 212 225
21.083333333333332 209 225
21.166666666666668 208 225
21.25 209 225
21.333333333333332 232 225
21.416666666666668 242 225
21.5 205 225
21.583333333333332 203 225
21.666666666666668 220 225
21.75 230 225
21.833333333333332 213 225
21.916666666666668 207 225
22.0 235 225
22.083333333333332 215 225
22.166666666666668 204 225
22.25 205 225
22.333333333333332 203 225
22.416666666666668 204 225
22.5 202 225
22.583333333333332 215 225
22.666666666666668 202 225
22.75 200 225
22.833333333333332 200 225
22.916666666666668 195 225
23.0 198 225
23.083333333333332 202 225
23.166666666666668 214 225
23.25 221 225
23.333333333333332 196 225
23.416666666666668 232 225
23.5 210 225
23.583333333333332 194 225
23.666666666666668 194 225
23.75 222 225
23.833333333333332 200 225
23.916666666666668 197 225
