0.0 215 225
0.08333333333333333 195 225
0.16666666666666666 228 225
0.25 212 225
0.3333333333333333 203 225
0.4166666666666667 197 225
0.5 213 225
0.5833333333333334 218 225
0.6666666666666666 213 225
0.75 192 225
0.8333333333333334 202 225
0.9166666666666666 198 225
1.0 192 225
1.0833333333333333 198 225
1.1666666666666667 197 225
1.25 231 225
1.3333333333333333 214 225
1.4166666666666667 205 225
1.5 189 225
1.5833333333333335 190 225
1.6666666666666665 194 225
1.75 203 225
1.8333333333333335 198 225
1.9166666666666665 205 225
2.0 205 225
2.0833333333333335 199 225
2.1666666666666665 199 225
2.25 198 225
2.3333333333333335 185 225
2.4166666666666665 233 225
2.5 190 225
2.5833333333333335 190 225
2.6666666666666665 201 225
2.75 200 225
2.8333333333333335 206 225
2.9166666666666665 198 225
3.0 210 225
3.0833333333333335 209 225
3.1666666666666665 192 225
3.25 220 225
3.3333333333333335 218 225
3.4166666666666665 217 225
3.5 212 225
3.5833333333333335 197 225
3.6666666666666665 188 225
3.75 186 225
3.8333333333333335 191 225
3.9166666666666665 192 225
4.0 199 225
4.083333333333333 199 225
4.166666666666667 204 225
4.25 199 225
4.333333333333333 193 225
4.416666666666667 196 225
4.5 240 225
4.583333333333333 202 225
4.666666666666667 205 225
4.75 198 225
4.833333333333333 195 225
4.916666666666667 192 225
5.0 191 225
5.083333333333333 193 225
5.166666666666667 188 225
5.25 191 225
5.333333333333333 186 225
5.416666666666667 186 225
5.5 190 225
5.583333333333333 195 225
5.666666666666667 205 225
5.75 190 225
5.833333333333333 185 225
5.916666666666667 182 225
6.0 184 225
6.083333333333333 181 225
6.166666666666667 184 225
6.25 186 225
6.333333333333333 182 225
6.416666666666667 186 225
6.5 188 225
6.583333333333333 188 225
6.666666666666667 189 225
6.75 198 225
6.833333333333333 186 225
6.916666666666667 188 225
7.0 190 225
7.083333333333333 191 225
7.166666666666667 183 225
7.25 184 225
7.333333333333333 222 225
7.416666666666667 220 225
7.5 216 225
7.583333333333333 182 225
7.666666666666667 195 225
7.75 189 225
7.833333333333333 203 225
7.916666666666667 187 225
8.0 187 225
8.083333333333334 186 225
8.166666666666666 199 225
8.25 208 225
8.333333333333334 201 225
8.416666666666666 193 225
8.5 196 225
8.583333333333334 196 225
8.666666666666666 196 225
8.75 199 225
8.833333333333334 228 225
8.916666666666666 223 225
9.0 212 225
9.083333333333334 202 225
9.166666666666666 244 225
9.25 234 225
9.333333333333334 228 225
9.416666666666666 208 225
9.5 199 225
9.583333333333334 233 225
9.666666666666666 211 225
9.75 227 225
9.833333333333334 217 225
9.916666666666666 196 225
10.0 226 225
10.083333333333334 201 225
10.166666666666666 201 225
10.25 202 225
10.333333333333334 204 225
10.416666666666666 219 225
10.5 214 225
10.583333333333334 205 225
10.666666666666666 251 225
10.75 202 225
10.833333333333334 227 225
10.916666666666666 244 225
11.0 233 225
11.083333333333334 261 225
11.166666666666666 226 225
11.25 208 225
11.333333333333334 236 225
11.416666666666666 220 225
11.5 230 225
11.583333333333334 211 225
11.666666666666666 212 225
11.75 208 225
11.833333333333334 261 225
11.916666666666666 224 225
12.0 266 225
12.083333333333334 214 225
12.166666666666666 210 225
12.25 248 225
12.333333333333334 322 225
12.416666666666666 295 225
12.5 229 225
12.583333333333334 214 225
12.666666666666666 221 225
12.75 219 225
12.833333333333334 264 225
12.916666666666666 226 225
13.0 217 225
13.083333333333334 253 225
13.166666666666666 226 225
13.25 276 225
13.333333333333334 238 225
13.416666666666666 251 225
13.5 288 225
13.583333333333334 229 225
13.666666666666666 225 225
13.75 262 225
13.833333333333334 308 225
13.916666666666666 423 225
14.0 373 225
14.083333333333334 347 225
14.166666666666666 369 225
14.25 296 225
14.333333333333334 360 225
14.416666666666666 239 225
14.5 252 225
14.583333333333334 280 225
14.666666666666666 245 225
14.75 299 225
14.833333333333334 225 225
14.916666666666666 260 225
15.0 266 225
15.083333333333334 223 225
15.166666666666666 270 225
15.25 226 225
15.333333333333334 235 225
15.416666666666666 228 225
15.5 266 225
15.583333333333334 226 225
15.666666666666666 232 225
15.75 233 225
15.833333333333334 237 225
15.916666666666666 276 225
16.0 233 225
16.083333333333332 248 225
16.166666666666668 240 225
16.25 253 225
16.333333333333332 335 225
16.416666666666668 432 225
16.5 448 225
16.583333333333332 405 225
16.666666666666668 487 225
16.75 509 225
16.833333333333332 589 225
16.916666666666668 391 225
17.0 440 225
17.083333333333332 494 225
17.166666666666668 518 225
17.25 535 225
17.333333333333332 595 225
17.416666666666668 520 225
17.5 617 225
17.583333333333332 473 225
17.666666666666668 469 225
17.75 607 225
17.833333333333332 494 225
17.916666666666668 592 225
18.0 565 225
18.083333333333332 422 225
18.166666666666668 620 225
18.25 523 225
18.333333333333332 530 225
18.416666666666668 515 225
18.5 440 225
18.583333333333332 538 225
18.666666666666668 479 225
18.75 455 225
18.833333333333332 508 225
18.916666666666668 448 225
19.0 348 225
19.083333333333332 333 225
19.166666666666668 280 225
19.25 225 225
19.333333333333332 223 225
19.416666666666668 346 225
19.5 254 225
19.583333333333332 267 225
19.666666666666668 386 225
19.75 298 225
19.833333333333332 313 225
19.916666666666668 411 225
20.0 379 225
20.083333333333332 432 225
20.166666666666668 450 225
20.25 380 225
20.333333333333332 295 225
20.416666666666668 315 225
20.5 223 225
20.583333333333332 212 225
20.666666666666668 235 225
20.75 212 225
20.833333333333332 212 225
20.916666666666668 239 225
21.0 235 225
21.083333333333332 208 225
21.166666666666668 206 225
21.25 252 225
21.333333333333332 209 225
21.416666666666668 226 225
21.5 203 225
21.583333333333332 263 225
21.666666666666668 210 225
21.75 233 225
21.833333333333332 219 225
21.916666666666668 200 225
22.0 198 225
22.083333333333332 202 225
22.166666666666668 196 225
22.25 209 225
22.333333333333332 205 225
22.416666666666668 200 225
22.5 203 225
22.583333333333332 200 225
22.666666666666668 201 225
22.75 195 225
22.833333333333332 192 225
22.916666666666668 223 225
23.0 197 225
23.083333333333332 193 225
23.166666666666668 195 225
23.25 191 225
23.333333333333332 194 225
23.416666666666668 208 225
23.5 212 225
23.583333333333332 200 225
23.666666666666668 202 225
23.75 204 225
23.833333333333332 205 225
23.916666666666668 192 225
