0.0 202 225
0.25 194 225
0.5 207 225
0.75 196 225
1.0 200 225
1.25 191 225
1.5 193 225
1.75 209 225
2.0 192 225
2.25 198 225
2.5 196 225
2.75 196 225
3.0 192 225
3.25 189 225
3.5 202 225
3.75 199 225
4.0 186 225
4.25 204 225
4.5 201 225
4.75 198 225
5.0 228 225
5.25 212 225
5.5 208 225
5.75 254 225
6.0 230 225
6.25 208 225
6.5 211 225
6.75 204 225
7.0 200 225
7.25 211 225
7.5 231 225
7.75 253 225
8.0 215 225
8.25 221 225
8.5 222 225
8.75 226 225
9.0 256 225
9.25 264 225
9.5 222 225
9.75 222 225
10.0 220 225
10.25 231 225
10.5 231 225
10.75 217 225
11.0 240 225
11.25 272 225
11.5 218 225
11.75 225 225
12.0 236 225
12.25 221 225
12.5 238 225
12.75 224 225
13.0 242 225
13.25 225 225
13.5 244 225
13.75 266 225
14.0 235 225
14.25 222 225
14.5 230 225
14.75 236 225
15.0 241 225
15.25 278 225
15.5 392 225
15.75 375 225
16.0 377 225
16.25 353 225
16.5 429 225
16.75 344 225
17.0 329 225
17.25 366 225
17.5 438 225
17.75 470 225
18.0 374 225
18.25 374 225
18.5 393 225
18.75 315 225
19.0 236 225
19.25 234 225
19.5 220 225
19.75 226 225
20.0 215 225
20.25 230 225
20.5 231 225
20.75 224 225
21.0 228 225
21.25 210 225
21.5 219 225
21.75 204 225
22.0 198 225
22.25 201 225
22.5 234 225
22.75 194 225
23.0 219 225
23.25 197 225
23.5 202 225
23.75 204 225
