12.0 220 225
12.25 266 225
12.5 224 225
12.75 229 225
13.0 233 225
13.25 228 225
13.5 303 225
13.75 360 225
14.0 454 225
14.25 271 225
14.5 235 225
14.75 275 225
15.0 264 225
15.25 402 225
15.5 380 225
15.75 342 225
16.0 430 225
16.25 348 225
16.5 380 225
16.75 344 225
17.0 413 225
17.25 367 225
17.5 355 225
17.75 385 225
18.0 372 225
18.25 286 225
18.5 267 225
18.75 241 225
19.0 228 225
19.25 264 225
19.5 219 225
19.75 226 225
20.0 223 225
20.25 220 225
20.5 220 225
20.75 212 225
21.0 224 225
21.25 211 225
21.5 214 225
21.75 206 225
22.0 211 225
22.25 189 225
22.5 220 225
22.75 239 225
23.0 210 225
23.25 198 225
23.5 197 225
23.75 210 225
