0.0 485 567
0.25 459 567
0.5 456 567
0.75 475 567
1.0 477 567
1.25 454 567
1.5 517 567
1.75 476 567
2.0 494 567
2.25 492 567
2.5 503 567
2.75 523 567
3.0 452 567
3.25 461 567
3.5 469 567
3.75 459 567
4.0 499 567
4.25 501 567
4.5 506 567
4.75 494 567
5.0 467 567
5.25 476 567
5.5 491 567
5.75 480 567
6.0 491 567
6.25 478 567
6.5 497 567
6.75 664 567
7.0 556 567
7.25 585 567
7.5 572 567
7.75 642 567
8.0 656 567
8.25 605 567
8.5 664 567
8.75 807 567
9.0 730 567
9.25 667 567
9.5 647 567
9.75 611 567
10.0 723 567
10.25 549 567
10.5 621 567
10.75 609 567
11.0 591 567
11.25 591 567
11.5 604 567
11.75 663 567
12.0 694 567
12.25 612 567
12.5 624 567
12.75 670 567
13.0 636 567
13.25 711 567
13.5 677 567
13.75 670 567
14.0 650 567
14.25 827 567
14.5 769 567
14.75 981 567
15.0 1081 567
15.25 1154 567
15.5 1170 567
15.75 1466 786
16.0 1260 786
16.25 1265 567
16.5 1321 836
16.75 1343 567
17.0 1268 567
17.25 1079 567
17.5 1191 567
17.75 1005 567
18.0 906 567
18.25 711 567
18.5 961 567
18.75 989 567
19.0 721 567
19.25 729 567
19.5 618 567
19.75 600 567
20.0 600 567
20.25 611 567
20.5 620 567
20.75 566 567
21.0 528 567
21.25 535 567
21.5 560 567
21.75 580 567
22.0 496 567
22.25 532 567
22.5 490 567
22.75 523 567
23.0 542 567
23.25 502 567
23.5 502 567
23.75 501 567
