12.616666666666667 699 564
12.7 598 564
12.75 615 564
12.783333333333333 627 564
12.866666666666667 617 564
12.916666666666666 571 564
12.95 572 564
13.0 579 564
13.05 638 564
13.1 628 564
13.166666666666666 607 564
13.2 629 564
13.233333333333333 594 564
13.266666666666667 608 564
13.3 602 564
13.333333333333334 711 564
13.35 711 564
13.366666666666667 738 564
13.433333333333334 640 564
13.5 594 564
13.566666666666666 597 564
13.616666666666667 608 564
13.666666666666666 678 564
13.683333333333334 694 564
13.75 629 564
13.85 644 564
13.866666666666667 648 564
13.95 615 564
13.983333333333333 575 564
14.0 609 564
14.05 618 564
14.1 612 564
14.133333333333333 617 564
14.2 636 564
14.25 649 564
14.3 635 564
14.383333333333333 620 564
14.433333333333334 658 564
14.483333333333333 607 564
14.5 619 564
14.55 648 564
14.566666666666666 625 564
14.616666666666667 625 564
14.666666666666666 643 564
14.733333333333333 701 564
14.833333333333334 680 564
14.85 756 564
14.883333333333333 702 564
14.966666666666667 717 564
15.05 764 564
15.1 743 564
15.116666666666667 776 564
15.183333333333334 741 564
15.233333333333333 903 564
15.283333333333333 931 564
15.3 882 564
15.366666666666667 889 564
15.416666666666666 916 564
15.45 969 564
15.483333333333333 909 564
15.516666666666667 950 564
15.55 878 564
15.583333333333334 983 564
15.6 914 564
15.683333333333334 936 564
15.683333333333334 995 564
15.75 1115 564
15.766666666666667 1041 564
15.8 1131 564
15.866666666666667 1042 564
15.883333333333333 1072 564
15.966666666666667 975 564
16.05 970 564
16.1 982 564
16.166666666666668 998 564
16.233333333333334 999 564
16.3 872 564
16.316666666666666 976 564
16.4 885 564
16.483333333333334 865 564
16.516666666666666 1070 564
