0.0 548 567
0.25 530 567
0.5 522 567
0.75 542 567
1.0 512 567
1.25 550 567
1.5 497 567
1.75 463 567
2.0 506 567
2.25 495 567
2.5 506 567
2.75 512 567
3.0 521 567
3.25 491 567
3.5 474 567
3.75 482 567
4.0 506 567
4.25 522 567
4.5 519 567
4.75 525 567
5.0 468 567
5.25 470 567
5.5 499 567
5.75 538 567
6.0 481 567
6.25 500 567
6.5 475 567
6.75 479 567
7.0 515 567
7.25 499 567
7.5 506 567
7.75 542 567
8.0 503 567
8.25 576 567
8.5 579 567
8.75 651 567
9.0 571 567
9.25 614 567
9.5 587 567
9.75 650 567
10.0 574 567
10.25 645 567
10.5 649 567
10.75 777 567
11.0 685 567
11.25 664 567
11.5 594 567
11.75 693 567
12.0 836 567
12.25 668 567
12.5 743 567
12.75 805 567
13.0 744 567
13.25 756 567
13.5 867 567
13.75 620 567
14.0 765 567
14.25 809 567
14.5 901 567
14.75 857 567
15.0 761 567
15.25 661 567
15.5 663 567
15.75 604 567
16.0 585 567
16.25 636 567
16.5 609 567
16.75 699 567
17.0 624 567
17.25 574 567
17.5 592 567
17.75 550 567
18.0 565 567
18.25 561 567
18.5 601 567
18.75 554 567
19.0 526 567
19.25 581 567
19.5 592 567
19.75 572 567
20.0 536 567
20.25 552 567
20.5 563 567
20.75 497 567
20.916666666666668 524 567
21.0 551 567
21.083333333333332 526 567
21.166666666666668 532 567
21.25 493 567
21.333333333333332 526 567
21.416666666666668 536 567
21.5 511 567
21.583333333333332 535 567
21.666666666666668 513 567
21.75 546 567
21.833333333333332 541 567
21.916666666666668 525 567
22.0 519 567
22.083333333333332 529 567
22.166666666666668 505 567
22.25 534 567
22.333333333333332 537 567
22.416666666666668 575 567
22.5 592 567
22.583333333333332 513 567
22.666666666666668 535 567
22.75 496 567
22.833333333333332 463 567
22.916666666666668 467 567
23.0 485 567
23.083333333333332 487 567
23.166666666666668 529 567
23.25 506 567
23.333333333333332 515 567
23.416666666666668 547 567
23.5 487 567
23.583333333333332 533 567
23.666666666666668 504 567
23.75 521 567
23.833333333333332 498 567
23.916666666666668 533 567
