0.0 508 567
0.08333333333333333 507 567
0.16666666666666666 537 567
0.25 498 567
0.3333333333333333 469 567
0.4166666666666667 469 567
0.5 536 567
0.5833333333333334 542 567
0.6666666666666666 503 567
0.75 483 567
0.8333333333333334 504 567
0.9166666666666666 468 567
1.0 478 567
1.0833333333333333 502 567
1.1666666666666667 460 567
1.25 467 567
1.3333333333333333 538 567
1.4166666666666667 490 567
1.5 467 567
1.5833333333333335 476 567
1.6666666666666665 488 567
1.75 485 567
1.8333333333333335 465 567
1.9166666666666665 510 567
2.0 497 567
2.0833333333333335 498 567
2.1666666666666665 494 567
2.25 482 567
2.3333333333333335 485 567
2.4166666666666665 471 567
2.5 473 567
2.5833333333333335 498 567
2.6666666666666665 511 567
2.75 486 567
2.8333333333333335 477 567
2.9166666666666665 457 567
3.0 483 567
3.0833333333333335 465 567
3.1666666666666665 463 567
3.25 502 567
3.3333333333333335 486 567
3.4166666666666665 487 567
3.5 538 567
3.5833333333333335 536 567
3.6666666666666665 526 567
3.75 501 567
3.8333333333333335 485 567
3.9166666666666665 496 567
4.0 480 567
4.083333333333333 475 567
4.166666666666667 473 567
4.25 470 567
4.333333333333333 474 567
4.416666666666667 486 567
4.5 524 567
4.583333333333333 484 567
4.666666666666667 476 567
4.75 471 567
4.833333333333333 477 567
4.916666666666667 475 567
5.0 493 567
5.083333333333333 468 567
5.166666666666667 459 567
5.25 454 567
5.333333333333333 452 567
5.416666666666667 465 567
5.5 459 567
5.583333333333333 483 567
5.666666666666667 497 567
5.75 478 567
5.833333333333333 452 567
5.916666666666667 456 567
6.0 455 567
6.083333333333333 458 567
6.166666666666667 459 567
6.25 460 567
6.333333333333333 482 567
6.416666666666667 475 567
6.5 477 567
6.583333333333333 517 567
6.666666666666667 495 567
6.75 501 567
6.833333333333333 472 567
6.916666666666667 517 567
7.0 493 567
7.083333333333333 543 567
7.166666666666667 533 567
7.25 532 567
7.333333333333333 520 567
7.416666666666667 528 567
7.5 485 567
7.583333333333333 453 567
7.666666666666667 451 567
7.75 503 567
7.833333333333333 500 567
7.916666666666667 472 567
8.0 487 567
8.083333333333334 488 567
8.166666666666666 472 567
8.25 515 567
8.333333333333334 511 567
8.416666666666666 497 567
8.5 486 567
8.583333333333334 500 567
8.666666666666666 484 567
8.75 537 567
8.833333333333334 536 567
8.916666666666666 533 567
9.0 534 567
9.083333333333334 557 567
9.166666666666666 545 567
9.25 528 567
9.333333333333334 522 567
9.416666666666666 521 567
9.5 501 567
9.583333333333334 517 567
9.666666666666666 536 567
9.75 553 567
9.833333333333334 507 567
9.916666666666666 524 567
10.0 541 567
10.083333333333334 511 567
10.166666666666666 503 567
10.25 488 567
10.333333333333334 494 567
10.416666666666666 512 567
10.5 590 567
10.583333333333334 525 567
10.666666666666666 510 567
10.75 544 567
10.833333333333334 626 567
10.916666666666666 651 567
11.0 555 567
11.083333333333334 510 567
11.166666666666666 615 567
11.25 525 567
11.333333333333334 574 567
11.416666666666666 545 567
11.5 596 567
11.583333333333334 556 567
11.666666666666666 526 567
11.75 616 567
11.833333333333334 567 567
11.916666666666666 607 567
12.0 570 567
12.083333333333334 536 567
12.166666666666666 542 567
12.25 652 567
12.333333333333334 623 567
12.416666666666666 588 567
12.5 593 567
12.583333333333334 535 567
12.666666666666666 547 567
12.75 566 567
12.833333333333334 627 567
12.916666666666666 544 567
13.0 548 567
13.083333333333334 611 567
13.166666666666666 577 567
13.25 595 567
13.333333333333334 582 567
13.416666666666666 665 567
13.5 647 567
13.583333333333334 605 567
13.666666666666666 570 567
13.75 608 567
13.833333333333334 660 567
13.916666666666666 886 567
14.0 906 567
14.083333333333334 1049 567
14.166666666666666 1135 567
14.25 972 906
14.333333333333334 1096 567
14.416666666666666 871 567
14.5 750 567
14.583333333333334 821 567
14.666666666666666 740 567
14.75 670 567
14.833333333333334 689 567
14.916666666666666 596 567
15.0 586 567
15.083333333333334 573 567
15.166666666666666 624 567
15.25 601 567
15.333333333333334 569 567
15.416666666666666 582 567
15.5 619 567
15.583333333333334 555 567
15.666666666666666 560 567
15.75 617 567
15.833333333333334 636 567
15.916666666666666 652 567
16.0 619 567
16.083333333333332 619 567
16.166666666666668 676 567
16.25 659 567
16.333333333333332 723 567
16.416666666666668 815 567
16.5 862 567
16.583333333333332 781 567
16.666666666666668 847 567
16.75 809 567
16.833333333333332 848 567
16.916666666666668 725 567
17.0 801 567
17.083333333333332 812 567
17.166666666666668 840 567
17.25 882 567
17.333333333333332 896 567
17.416666666666668 892 567
17.5 940 567
17.583333333333332 816 567
17.666666666666668 822 567
17.75 910 567
17.833333333333332 835 567
17.916666666666668 913 567
18.0 872 567
18.083333333333332 771 567
18.166666666666668 899 567
18.25 829 567
18.333333333333332 840 567
18.416666666666668 845 567
18.5 765 567
18.583333333333332 853 567
18.666666666666668 788 567
18.75 784 567
18.833333333333332 820 567
18.916666666666668 761 567
19.0 714 567
19.083333333333332 668 567
19.166666666666668 595 567
19.25 602 567
19.333333333333332 569 567
19.416666666666668 644 567
19.5 598 567
19.583333333333332 543 567
19.666666666666668 743 567
19.75 612 567
19.833333333333332 605 567
19.916666666666668 760 567
20.0 752 567
20.083333333333332 787 567
20.166666666666668 810 567
20.25 729 567
20.333333333333332 692 567
20.416666666666668 629 567
20.5 521 567
20.583333333333332 528 567
20.666666666666668 522 567
20.75 513 567
20.833333333333332 523 567
20.916666666666668 597 567
21.0 545 567
21.083333333333332 524 567
21.166666666666668 523 567
21.25 579 567
21.333333333333332 538 567
21.416666666666668 541 567
21.5 541 567
21.583333333333332 550 567
21.666666666666668 548 567
21.75 533 567
21.833333333333332 519 567
21.916666666666668 485 567
22.0 569 567
22.083333333333332 532 567
22.166666666666668 522 567
22.25 534 567
22.333333333333332 502 567
22.416666666666668 503 567
22.5 518 567
22.583333333333332 496 567
22.666666666666668 506 567
22.75 508 567
22.833333333333332 474 567
22.916666666666668 461 567
23.0 492 567
23.083333333333332 472 567
23.166666666666668 477 567
23.25 517 567
23.333333333333332 496 567
23.416666666666668 522 567
23.5 515 567
23.583333333333332 461 567
23.666666666666668 447 567
23.75 452 567
23.833333333333332 482 567
23.916666666666668 465 567
