0.0 483 567
0.25 457 567
0.5 493 567
0.75 476 567
1.0 513 567
1.25 452 567
1.5 467 567
1.75 475 567
2.0 456 567
2.25 468 567
2.5 486 567
2.75 494 567
3.0 446 567
3.25 452 567
3.5 456 567
3.75 466 567
4.0 474 567
4.25 489 567
4.5 489 567
4.75 493 567
5.0 513 567
5.25 499 567
5.5 487 567
5.75 530 567
6.0 508 567
6.25 492 567
6.5 537 567
6.75 524 567
7.0 598 567
7.25 593 567
7.5 583 567
7.75 620 567
8.0 626 567
8.25 568 567
8.5 676 567
8.75 665 567
9.0 692 567
9.25 652 567
9.5 626 567
9.75 609 567
10.0 577 567
10.25 629 567
10.5 629 567
10.75 644 567
11.0 625 567
11.25 620 567
11.5 607 567
11.75 630 567
12.0 647 567
12.25 612 567
12.5 635 567
12.75 565 567
13.0 629 567
13.25 584 567
13.5 615 567
13.75 592 567
14.0 594 567
14.25 644 567
14.5 714 567
14.75 727 567
15.0 778 567
15.25 999 567
15.5 890 567
15.75 869 567
16.0 989 567
16.25 1044 567
16.5 1015 567
16.75 897 567
17.0 846 567
17.25 738 567
17.5 831 567
17.75 882 567
18.0 885 567
18.25 762 567
18.5 861 567
18.75 676 567
19.0 600 567
19.25 631 567
19.5 681 567
19.75 596 567
20.0 685 567
20.25 561 567
20.5 685 567
20.75 773 786
21.0 607 567
21.25 536 567
21.5 551 567
21.75 546 567
22.0 497 567
22.25 503 567
22.5 524 567
22.75 498 567
23.0 502 567
23.25 486 567
23.5 508 567
23.75 480 567
