12.0 604 567
12.25 662 567
12.5 600 567
12.75 775 567
13.0 690 567
13.25 730 567
13.5 865 567
13.75 862 567
14.0 812 567
14.25 670 567
14.5 674 567
14.75 724 567
15.0 844 567
15.25 977 567
15.5 1270 567
15.75 1231 866
16.0 1401 567
16.25 1273 567
16.5 1354 567
16.75 1165 719
17.0 1125 567
17.25 991 567
17.5 855 567
17.75 816 567
18.0 836 567
18.25 687 567
18.5 650 567
18.75 604 567
19.0 658 567
19.25 612 567
19.5 567 567
19.75 553 567
20.0 578 567
20.25 579 567
20.5 577 567
20.75 587 567
21.0 621 567
21.25 534 567
21.5 530 567
21.75 544 567
22.0 499 567
22.25 480 567
22.5 542 567
22.75 550 567
23.0 479 567
23.25 518 567
23.5 491 567
23.75 509 567
